1850.042  -1.859
1850.125   0.003
1850.208  -0.363
1850.292  -1.009
1850.375  -0.988
1850.458  -0.148
1850.542   0.284
1850.625   0.494
1850.708  -0.125
1850.792  -1.271
1850.875  -1.116
1850.958  -0.795
1851.042   0.183
1851.125  -0.421
1851.208  -1.549
1851.292  -1.116
1851.375   0.050
1851.458   0.325
1851.542   0.197
1851.625   0.431
1851.708   0.145
1851.792   0.182
1851.875  -0.721
1851.958  -0.471
1852.042  -0.539
1852.125  -0.653
1852.208  -1.175
1852.292  -1.327
1852.375   0.115
1852.458  -0.067
1852.542   0.174
1852.625  -0.025
1852.708  -0.067
1852.792  -0.221
1852.875  -1.186
1852.958   0.545
1853.042  -0.252
1853.125  -0.888
1853.208  -1.344
1853.292  -1.002
1853.375  -0.212
1853.458   0.061
1853.542   0.280
1853.625   0.323
1853.708  -0.281
1853.792  -0.485
1853.875  -1.346
1853.958  -0.848
1854.042  -1.074
1854.125  -0.763
1854.208  -0.131
1854.292  -0.725
1854.375  -0.392
1854.458  -0.557
1854.542   0.303
1854.625   0.342
1854.708  -0.017
1854.792   0.539
1854.875  -0.361
1854.958  -0.139
1855.042   0.007
1855.125  -0.825
1855.208  -0.822
1855.292   0.308
1855.375   0.070
1855.458  -0.163
1855.542  -0.108
1855.625  -0.058
1855.708  -0.526
1855.792  -0.367
1855.875  -0.862
1855.958  -1.182
1856.042  -0.087
1856.125  -0.926
1856.208  -0.920
1856.292  -0.446
1856.375  -0.658
1856.458   0.284
1856.542  -0.150
1856.625  -0.094
1856.708  -0.582
1856.792  -0.751
1856.875  -0.944
1856.958  -0.268
1857.042  -1.141
1857.125  -0.602
1857.208  -0.833
1857.292  -1.386
1857.375  -1.127
1857.458  -0.313
1857.542  -0.150
1857.625   0.084
1857.708  -0.538
1857.792  -0.708
1857.875  -0.870
1857.958   0.167
1858.042   0.037
1858.125  -1.039
1858.208  -0.765
1858.292  -0.269
1858.375  -0.423
1858.458  -0.043
1858.542  -0.139
1858.625  -0.389
1858.708  -0.544
1858.792  -0.218
1858.875  -0.729
1858.958  -0.791
1859.042  -0.531
1859.125  -0.559
1859.208  -0.554
1859.292  -0.116
1859.375   0.037
1859.458  -0.148
1859.542  -0.219
1859.625  -0.193
1859.708  -0.623
1859.792  -0.473
1859.875  -0.215
1859.958  -0.649
1860.042  -0.831
1860.125  -1.101
1860.208  -2.481
1860.292  -0.787
1860.375  -0.429
1860.458  -0.211
1860.542  -0.156
1860.625   0.059
1860.708  -0.145
1860.792  -0.396
1860.875  -1.373
1860.958  -2.114
1861.042  -2.413
1861.125  -0.719
1861.208  -0.495
1861.292  -0.968
1861.375  -0.785
1861.458  -0.177
1861.542  -0.087
1861.625   0.047
1861.708  -0.315
1861.792  -0.640
1861.875  -0.748
1861.958  -0.703
1862.042  -1.788
1862.125  -1.521
1862.208  -1.158
1862.292  -1.249
1862.375  -0.784
1862.458  -0.359
1862.542  -0.327
1862.625  -0.504
1862.708  -0.482
1862.792  -0.878
1862.875  -1.177
1862.958  -1.957
1863.042   0.088
1863.125  -0.308
1863.208  -0.711
1863.292  -0.686
1863.375  -0.431
1863.458  -0.518
1863.542  -0.371
1863.625  -0.276
1863.708  -0.529
1863.792  -1.024
1863.875  -0.693
1863.958  -1.018
1864.042  -1.560
1864.125  -0.946
1864.208  -0.717
1864.292  -1.056
1864.375  -0.483
1864.458   0.109
1864.542  -0.214
1864.625  -0.173
1864.708  -0.462
1864.792  -0.926
1864.875  -1.147
1864.958  -1.563
1865.042  -0.105
1865.125  -1.262
1865.208  -1.517
1865.292  -1.013
1865.375  -0.424
1865.458  -0.078
1865.542  -0.079
1865.625  -0.150
1865.708   0.041
1865.792  -0.244
1865.875  -0.068
1865.958  -0.815
1866.042  -0.084
1866.125  -1.088
1866.208  -1.077
1866.292  -0.668
1866.375  -0.672
1866.458  -0.407
1866.542   0.026
1866.625  -0.402
1866.708  -0.432
1866.792  -0.926
1866.875  -0.466
1866.958  -0.011
1867.042  -0.661
1867.125  -0.518
1867.208  -1.759
1867.292  -0.841
1867.375  -1.128
1867.458  -0.434
1867.542  -0.325
1867.625  -0.321
1867.708  -0.266
1867.792  -0.150
1867.875  -0.192
1867.958  -0.099
1868.042  -1.292
1868.125  -1.557
1868.208  -0.888
1868.292  -0.447
1868.375  -0.355
1868.458  -0.295
1868.542   0.139
1868.625  -0.148
1868.708  -0.552
1868.792  -0.146
1868.875  -0.981
1868.958  -0.473
1869.042  -0.523
1869.125   0.456
1869.208  -1.281
1869.292  -0.911
1869.375  -0.482
1869.458  -0.155
1869.542  -0.344
1869.625   0.166
1869.708   0.001
1869.792  -0.514
1869.875  -0.423
1869.958  -1.014
1870.042  -0.680
1870.125  -1.157
1870.208  -1.166
1870.292  -0.897
1870.375  -0.242
1870.458   0.065
1870.542   0.179
1870.625  -0.473
1870.708  -0.044
1870.792  -0.478
1870.875  -0.457
1870.958  -1.807
1871.042  -1.444
1871.125  -1.513
1871.208  -0.477
1871.292  -0.497
1871.375  -0.759
1871.458  -0.338
1871.542  -0.022
1871.625   0.035
1871.708  -0.445
1871.792  -0.326
1871.875  -1.189
1871.958  -0.921
1872.042  -1.187
1872.125  -1.107
1872.208  -0.761
1872.292  -0.608
1872.375  -0.196
1872.458  -0.367
1872.542  -0.158
1872.625  -0.106
1872.708  -0.183
1872.792  -0.090
1872.875  -0.792
1872.958  -1.262
1873.042  -0.615
1873.125  -0.381
1873.208  -0.728
1873.292  -0.929
1873.375  -0.402
1873.458   0.025
1873.542  -0.152
1873.625  -0.082
1873.708  -0.459
1873.792  -0.222
1873.875  -0.620
1873.958   0.121
1874.042  -0.255
1874.125  -0.417
1874.208  -1.321
1874.292  -0.377
1874.375  -0.327
1874.458  -0.471
1874.542  -0.323
1874.625  -0.118
1874.708  -0.005
1874.792  -0.376
1874.875  -0.520
1874.958  -0.186
1875.042  -1.229
1875.125  -1.263
1875.208  -1.335
1875.292  -0.883
1875.375  -0.456
1875.458  -0.138
1875.542  -0.098
1875.625  -0.232
1875.708  -0.524
1875.792  -0.538
1875.875  -1.282
1875.958  -0.959
1876.042  -0.863
1876.125  -0.457
1876.208  -0.440
1876.292  -0.357
1876.375  -0.751
1876.458  -0.079
1876.542   0.087
1876.625  -0.092
1876.708  -0.048
1876.792  -0.166
1876.875  -1.066
1876.958  -1.551
1877.042  -0.497
1877.125  -0.503
1877.208  -0.231
1877.292  -0.697
1877.375  -0.508
1877.458  -0.026
1877.542   0.200
1877.625   0.450
1877.708   0.024
1877.792  -0.151
1877.875   0.092
1877.958  -0.689
1878.042  -0.834
1878.125   0.305
1878.208   0.861
1878.292   0.157
1878.375  -0.418
1878.458   0.285
1878.542   0.151
1878.625   0.162
1878.708   0.240
1878.792   0.049
1878.875  -0.054
1878.958  -0.740
1879.042  -0.366
1879.125  -0.518
1879.208  -0.492
1879.292  -0.747
1879.375  -0.556
1879.458  -0.495
1879.542  -0.102
1879.625  -0.343
1879.708  -0.323
1879.792   0.114
1879.875  -0.698
1879.958  -1.163
1880.042  -0.714
1880.125  -0.852
1880.208  -0.656
1880.292  -0.711
1880.375  -0.244
1880.458  -0.237
1880.542  -0.252
1880.625   0.010
1880.708  -0.410
1880.792  -0.648
1880.875  -0.411
1880.958  -0.646
1881.042  -0.406
1881.125  -0.568
1881.208  -0.549
1881.292  -0.121
1881.375  -0.214
1881.458  -0.690
1881.542  -0.317
1881.625   0.009
1881.708  -0.189
1881.792  -0.407
1881.875  -0.716
1881.958  -0.373
1882.042   0.290
1882.125  -0.045
1882.208  -0.254
1882.292  -0.839
1882.375  -0.697
1882.458  -0.827
1882.542  -0.608
1882.625  -0.108
1882.708  -0.155
1882.792  -0.792
1882.875  -1.030
1882.958  -1.451
1883.042  -1.245
1883.125  -1.346
1883.208  -0.487
1883.292  -0.673
1883.375  -0.564
1883.458  -0.260
1883.542  -0.283
1883.625  -0.469
1883.708  -0.537
1883.792  -0.370
1883.875  -1.022
1883.958  -0.416
1884.042  -0.564
1884.125  -0.667
1884.208  -1.337
1884.292  -1.296
1884.375  -1.195
1884.458  -0.937
1884.542  -0.879
1884.625  -0.430
1884.708  -0.773
1884.792  -0.706
1884.875  -0.957
1884.958  -0.527
1885.042  -1.599
1885.125  -0.866
1885.208  -0.848
1885.292  -1.166
1885.375  -0.999
1885.458  -0.845
1885.542  -0.522
1885.625  -0.569
1885.708  -0.433
1885.792  -0.545
1885.875  -0.764
1885.958  -0.088
1886.042  -1.082
1886.125  -1.188
1886.208  -1.045
1886.292  -0.489
1886.375  -0.568
1886.458  -0.645
1886.542  -0.134
1886.625  -0.356
1886.708  -0.213
1886.792  -0.565
1886.875  -0.762
1886.958  -0.159
1887.042  -1.463
1887.125  -1.092
1887.208  -0.631
1887.292  -0.654
1887.375  -0.536
1887.458  -0.529
1887.542  -0.426
1887.625  -0.633
1887.708  -0.232
1887.792  -0.566
1887.875  -0.553
1887.958  -0.810
1888.042  -1.054
1888.125  -1.147
1888.208  -1.191
1888.292  -0.508
1888.375  -0.706
1888.458  -0.452
1888.542  -0.211
1888.625  -0.271
1888.708  -0.237
1888.792  -0.118
1888.875  -0.376
1888.958  -0.661
1889.042  -0.954
1889.125   0.034
1889.208  -0.300
1889.292  -0.020
1889.375  -0.160
1889.458  -0.119
1889.542  -0.209
1889.625  -0.291
1889.708  -0.367
1889.792  -0.486
1889.875  -1.065
1889.958  -0.629
1890.042  -0.782
1890.125  -0.737
1890.208  -0.952
1890.292  -0.466
1890.375  -0.861
1890.458  -0.517
1890.542  -0.434
1890.625  -0.436
1890.708  -0.289
1890.792  -0.158
1890.875  -1.003
1890.958  -0.659
1891.042  -1.017
1891.125  -1.207
1891.208  -0.593
1891.292  -0.784
1891.375  -0.498
1891.458  -0.499
1891.542  -0.396
1891.625  -0.342
1891.708  -0.258
1891.792  -0.479
1891.875  -0.909
1891.958  -0.151
1892.042  -0.768
1892.125  -0.383
1892.208  -1.113
1892.292  -0.903
1892.375  -0.751
1892.458  -0.379
1892.542  -0.547
1892.625  -0.418
1892.708  -0.290
1892.792  -0.141
1892.875  -1.006
1892.958  -1.158
1893.042  -2.085
1893.125  -1.665
1893.208  -0.453
1893.292  -0.478
1893.375  -0.709
1893.458  -0.418
1893.542  -0.084
1893.625  -0.353
1893.708  -0.269
1893.792  -0.218
1893.875  -0.242
1893.958  -0.626
1894.042  -0.961
1894.125  -0.282
1894.208  -0.274
1894.292  -0.711
1894.375  -0.457
1894.458  -0.649
1894.542  -0.374
1894.625  -0.326
1894.708  -0.430
1894.792  -0.229
1894.875  -0.592
1894.958  -0.640
1895.042  -1.336
1895.125  -1.285
1895.208  -0.841
1895.292  -0.365
1895.375  -0.612
1895.458  -0.475
1895.542  -0.388
1895.625  -0.362
1895.708  -0.185
1895.792  -0.263
1895.875  -0.411
1895.958  -0.322
1896.042  -0.390
1896.125  -0.351
1896.208  -1.014
1896.292  -1.057
1896.375  -0.439
1896.458  -0.206
1896.542  -0.154
1896.625  -0.177
1896.708  -0.088
1896.792   0.179
1896.875  -0.683
1896.958  -0.065
1897.042  -0.725
1897.125  -0.582
1897.208  -0.929
1897.292  -0.115
1897.375  -0.048
1897.458  -0.196
1897.542  -0.050
1897.625  -0.148
1897.708   0.016
1897.792  -0.100
1897.875  -0.442
1897.958  -0.545
1898.042  -0.023
1898.125  -0.727
1898.208  -1.699
1898.292  -0.711
1898.375  -0.645
1898.458  -0.198
1898.542  -0.294
1898.625  -0.215
1898.708  -0.222
1898.792  -0.509
1898.875  -0.570
1898.958  -0.268
1899.042  -0.290
1899.125  -0.759
1899.208  -0.796
1899.292  -0.324
1899.375  -0.370
1899.458  -0.597
1899.542  -0.233
1899.625  -0.101
1899.708   0.078
1899.792   0.003
1899.875   0.344
1899.958  -0.726
1900.042  -1.113
1900.125  -0.325
1900.208  -0.154
1900.292  -0.341
1900.375  -0.089
1900.458  -0.034
1900.542  -0.181
1900.625  -0.079
1900.708  -0.098
1900.792   0.345
1900.875  -0.290
1900.958  -0.071
1901.042  -0.457
1901.125  -0.124
1901.208   0.180
1901.292   0.097
1901.375  -0.136
1901.458   0.087
1901.542   0.011
1901.625   0.050
1901.708   0.014
1901.792  -0.256
1901.875  -0.040
1901.958  -0.418
1902.042  -0.091
1902.125   0.198
1902.208  -0.475
1902.292  -0.492
1902.375  -0.484
1902.458  -0.287
1902.542  -0.185
1902.625  -0.265
1902.708  -0.198
1902.792  -0.502
1902.875  -0.784
1902.958  -0.953
1903.042  -0.263
1903.125   0.321
1903.208  -0.395
1903.292  -0.620
1903.375  -0.618
1903.458  -0.566
1903.542  -0.329
1903.625  -0.310
1903.708  -0.312
1903.792  -0.470
1903.875  -0.487
1903.958  -0.753
1904.042  -0.968
1904.125  -0.760
1904.208  -0.896
1904.292  -0.684
1904.375  -0.519
1904.458  -0.390
1904.542  -0.499
1904.625  -0.293
1904.708  -0.530
1904.792  -0.439
1904.875   0.136
1904.958  -0.323
1905.042  -0.347
1905.125  -1.262
1905.208  -0.729
1905.292  -0.717
1905.375  -0.412
1905.458  -0.233
1905.542  -0.238
1905.625  -0.163
1905.708  -0.159
1905.792  -0.217
1905.875   0.173
1905.958  -0.099
1906.042  -0.443
1906.125  -0.697
1906.208  -0.290
1906.292   0.205
1906.375  -0.042
1906.458   0.014
1906.542  -0.207
1906.625   0.049
1906.708  -0.116
1906.792   0.063
1906.875  -0.529
1906.958   0.094
1907.042  -0.703
1907.125  -0.866
1907.208  -0.567
1907.292  -0.696
1907.375  -0.894
1907.458  -0.680
1907.542  -0.435
1907.625  -0.466
1907.708  -0.249
1907.792  -0.011
1907.875  -0.712
1907.958  -0.682
1908.042  -0.342
1908.125  -0.300
1908.208  -1.084
1908.292  -0.622
1908.375  -0.300
1908.458  -0.139
1908.542  -0.154
1908.625  -0.359
1908.708   0.010
1908.792  -0.313
1908.875  -0.705
1908.958  -0.489
1909.042  -1.019
1909.125  -0.478
1909.208  -0.876
1909.292  -0.804
1909.375  -0.692
1909.458  -0.412
1909.542  -0.230
1909.625   0.100
1909.708  -0.079
1909.792  -0.080
1909.875   0.189
1909.958  -0.449
1910.042  -0.253
1910.125  -0.307
1910.208  -0.682
1910.292  -0.394
1910.375  -0.360
1910.458  -0.296
1910.542  -0.052
1910.625  -0.022
1910.708  -0.184
1910.792  -0.249
1910.875  -0.762
1910.958  -0.910
1911.042  -0.779
1911.125  -0.715
1911.208  -0.887
1911.292  -0.499
1911.375  -0.475
1911.458  -0.342
1911.542  -0.196
1911.625  -0.213
1911.708  -0.267
1911.792  -0.056
1911.875  -0.014
1911.958  -0.238
1912.042  -0.210
1912.125   0.077
1912.208  -0.905
1912.292  -0.208
1912.375  -0.110
1912.458   0.023
1912.542  -0.593
1912.625  -0.716
1912.708  -0.670
1912.792  -0.834
1912.875  -0.464
1912.958  -0.547
1913.042  -0.492
1913.125  -0.728
1913.208  -0.728
1913.292  -0.411
1913.375  -0.681
1913.458  -0.520
1913.542  -0.225
1913.625  -0.096
1913.708  -0.180
1913.792  -0.192
1913.875   0.033
1913.958   0.452
1914.042   0.737
1914.125   0.217
1914.208  -0.299
1914.292  -0.342
1914.375  -0.059
1914.458   0.017
1914.542  -0.126
1914.625  -0.045
1914.708  -0.060
1914.792   0.151
1914.875  -0.272
1914.958  -0.079
1915.042  -0.284
1915.125   0.090
1915.208  -0.254
1915.292   0.217
1915.375   0.103
1915.458  -0.092
1915.542   0.045
1915.625   0.030
1915.708   0.016
1915.792  -0.231
1915.875   0.098
1915.958  -0.028
1916.042  -0.086
1916.125  -0.187
1916.208  -0.590
1916.292  -0.322
1916.375  -0.363
1916.458  -0.528
1916.542  -0.219
1916.625  -0.088
1916.708  -0.138
1916.792  -0.178
1916.875  -0.405
1916.958  -1.310
1917.042  -0.449
1917.125  -0.835
1917.208  -1.029
1917.292  -0.576
1917.375  -0.874
1917.458  -0.472
1917.542  -0.010
1917.625  -0.267
1917.708  -0.128
1917.792  -0.635
1917.875  -0.246
1917.958  -1.370
1918.042  -0.635
1918.125  -0.657
1918.208  -0.555
1918.292  -0.752
1918.375  -0.806
1918.458  -0.475
1918.542  -0.313
1918.625  -0.311
1918.708  -0.011
1918.792   0.201
1918.875  -0.284
1918.958  -0.740
1919.042  -0.279
1919.125  -0.235
1919.208  -0.544
1919.292  -0.026
1919.375  -0.383
1919.458  -0.141
1919.542  -0.028
1919.625   0.082
1919.708   0.045
1919.792   0.091
1919.875  -0.586
1919.958  -0.411
1920.042   0.189
1920.125  -0.444
1920.208  -0.073
1920.292  -0.171
1920.375  -0.205
1920.458  -0.225
1920.542  -0.088
1920.625  -0.099
1920.708  -0.093
1920.792  -0.252
1920.875  -0.511
1920.958  -0.899
1921.042   0.259
1921.125  -0.059
1921.208  -0.254
1921.292  -0.072
1921.375  -0.125
1921.458   0.054
1921.542   0.034
1921.625  -0.265
1921.708  -0.136
1921.792  -0.034
1921.875  -0.226
1921.958  -0.110
1922.042  -0.525
1922.125  -0.761
1922.208  -0.297
1922.292  -0.081
1922.375  -0.232
1922.458  -0.098
1922.542  -0.093
1922.625  -0.237
1922.708  -0.238
1922.792  -0.231
1922.875   0.019
1922.958  -0.046
1923.042  -0.183
1923.125  -0.568
1923.208  -0.456
1923.292  -0.751
1923.375  -0.498
1923.458  -0.120
1923.542  -0.418
1923.625  -0.261
1923.708  -0.100
1923.792   0.220
1923.875   0.359
1923.958   0.145
1924.042  -0.396
1924.125  -0.335
1924.208  -0.083
1924.292  -0.484
1924.375  -0.209
1924.458  -0.139
1924.542  -0.132
1924.625  -0.153
1924.708   0.007
1924.792  -0.105
1924.875   0.269
1924.958  -0.315
1925.042  -0.413
1925.125  -0.433
1925.208  -0.265
1925.292  -0.128
1925.375  -0.372
1925.458  -0.443
1925.542  -0.404
1925.625  -0.093
1925.708  -0.073
1925.792  -0.221
1925.875   0.225
1925.958   0.499
1926.042   0.697
1926.125   0.446
1926.208   0.327
1926.292  -0.359
1926.375  -0.418
1926.458  -0.195
1926.542  -0.206
1926.625   0.075
1926.708   0.061
1926.792   0.166
1926.875   0.142
1926.958  -0.399
1927.042  -0.415
1927.125  -0.190
1927.208  -0.639
1927.292  -0.430
1927.375  -0.249
1927.458  -0.161
1927.542  -0.053
1927.625  -0.189
1927.708   0.230
1927.792   0.510
1927.875   0.161
1927.958  -0.639
1928.042   0.211
1928.125   0.114
1928.208  -0.416
1928.292  -0.252
1928.375  -0.249
1928.458  -0.321
1928.542  -0.075
1928.625  -0.123
1928.708   0.027
1928.792   0.085
1928.875   0.160
1928.958   0.055
1929.042  -0.717
1929.125  -1.143
1929.208  -0.351
1929.292  -0.430
1929.375  -0.467
1929.458  -0.454
1929.542  -0.408
1929.625  -0.175
1929.708  -0.169
1929.792   0.120
1929.875   0.095
1929.958  -1.209
1930.042  -0.394
1930.125  -0.236
1930.208   0.062
1930.292  -0.223
1930.375  -0.283
1930.458  -0.064
1930.542  -0.014
1930.625   0.044
1930.708  -0.123
1930.792  -0.098
1930.875   0.494
1930.958   0.040
1931.042  -0.039
1931.125  -0.540
1931.208  -0.137
1931.292  -0.283
1931.375  -0.273
1931.458   0.150
1931.542   0.244
1931.625   0.255
1931.708   0.153
1931.792   0.542
1931.875   0.094
1931.958   0.217
1932.042   0.881
1932.125  -0.293
1932.208  -0.474
1932.292   0.261
1932.375  -0.230
1932.458  -0.099
1932.542   0.006
1932.625  -0.074
1932.708   0.293
1932.792   0.291
1932.875  -0.253
1932.958  -0.295
1933.042  -0.534
1933.125  -0.535
1933.208  -0.562
1933.292  -0.327
1933.375  -0.249
1933.458  -0.347
1933.542  -0.038
1933.625   0.022
1933.708  -0.141
1933.792   0.011
1933.875  -0.205
1933.958  -0.738
1934.042  -0.232
1934.125   0.414
1934.208  -0.531
1934.292  -0.435
1934.375   0.148
1934.458  -0.019
1934.542  -0.065
1934.625  -0.075
1934.708  -0.226
1934.792   0.124
1934.875   0.329
1934.958   0.192
1935.042  -0.516
1935.125   0.910
1935.208   0.061
1935.292  -0.618
1935.375  -0.427
1935.458  -0.161
1935.542  -0.009
1935.625  -0.018
1935.708  -0.028
1935.792   0.231
1935.875  -0.621
1935.958  -0.357
1936.042  -0.481
1936.125  -0.728
1936.208  -0.338
1936.292  -0.230
1936.375  -0.057
1936.458  -0.061
1936.542   0.274
1936.625   0.060
1936.708   0.012
1936.792   0.172
1936.875   0.231
1936.958   0.182
1937.042  -0.256
1937.125   0.230
1937.208  -0.637
1937.292  -0.320
1937.375   0.026
1937.458   0.170
1937.542  -0.021
1937.625   0.154
1937.708   0.312
1937.792   0.423
1937.875   0.246
1937.958  -0.257
1938.042   0.223
1938.125   0.141
1938.208   0.205
1938.292   0.453
1938.375   0.082
1938.458  -0.110
1938.542   0.089
1938.625   0.071
1938.708   0.300
1938.792   0.483
1938.875   0.462
1938.958  -0.297
1939.042   0.134
1939.125   0.021
1939.208  -0.517
1939.292  -0.142
1939.375   0.144
1939.458   0.114
1939.542   0.037
1939.625   0.081
1939.708  -0.071
1939.792  -0.113
1939.875   0.089
1939.958   1.107
1940.042  -0.464
1940.125   0.119
1940.208  -0.080
1940.292   0.258
1940.375  -0.050
1940.458   0.168
1940.542   0.181
1940.625   0.020
1940.708   0.245
1940.792   0.134
1940.875  -0.020
1940.958   0.373
1941.042  -0.026
1941.125   0.353
1941.208  -0.239
1941.292   0.078
1941.375   0.115
1941.458   0.173
1941.542   0.256
1941.625   0.132
1941.708  -0.222
1941.792   0.332
1941.875  -0.193
1941.958  -0.164
1942.042   0.328
1942.125  -0.395
1942.208  -0.180
1942.292  -0.079
1942.375  -0.041
1942.458   0.124
1942.542  -0.145
1942.625  -0.091
1942.708   0.088
1942.792   0.207
1942.875   0.220
1942.958   0.110
1943.042  -0.376
1943.125   0.205
1943.208  -0.354
1943.292   0.141
1943.375   0.080
1943.458  -0.291
1943.542   0.004
1943.625  -0.142
1943.708   0.019
1943.792   0.489
1943.875   0.129
1943.958   0.405
1944.042   0.769
1944.125   0.314
1944.208   0.165
1944.292  -0.094
1944.375  -0.001
1944.458   0.014
1944.542   0.060
1944.625   0.129
1944.708   0.382
1944.792   0.387
1944.875  -0.055
1944.958  -0.400
1945.042  -0.217
1945.125  -0.657
1945.208  -0.343
1945.292   0.146
1945.375  -0.264
1945.458  -0.134
1945.542  -0.183
1945.625   0.447
1945.708   0.120
1945.792   0.189
1945.875  -0.128
1945.958  -0.704
1946.042   0.209
1946.125   0.208
1946.208  -0.291
1946.292   0.267
1946.375  -0.059
1946.458  -0.248
1946.542  -0.039
1946.625  -0.081
1946.708   0.009
1946.792  -0.080
1946.875   0.051
1946.958  -0.728
1947.042  -0.228
1947.125  -0.077
1947.208   0.214
1947.292   0.167
1947.375  -0.039
1947.458   0.019
1947.542  -0.028
1947.625  -0.001
1947.708   0.039
1947.792   0.575
1947.875   0.184
1947.958  -0.218
1948.042   0.551
1948.125  -0.099
1948.208  -0.572
1948.292  -0.076
1948.375   0.162
1948.458   0.143
1948.542  -0.002
1948.625  -0.010
1948.708   0.046
1948.792   0.184
1948.875   0.004
1948.958  -0.409
1949.042   0.372
1949.125  -0.576
1949.208  -0.420
1949.292  -0.179
1949.375  -0.093
1949.458  -0.263
1949.542  -0.226
1949.625  -0.050
1949.708  -0.159
1949.792   0.133
1949.875  -0.028
1949.958  -0.440
1950.042  -0.837
1950.125  -0.609
1950.208  -0.304
1950.292  -0.422
1950.375  -0.189
1950.458  -0.110
1950.542  -0.316
1950.625  -0.433
1950.708  -0.161
1950.792  -0.272
1950.875  -0.842
1950.958  -0.347
1951.042  -0.705
1951.125  -1.059
1951.208  -0.451
1951.292  -0.153
1951.375   0.074
1951.458  -0.115
1951.542  -0.073
1951.625   0.118
1951.708   0.269
1951.792   0.217
1951.875  -0.028
1951.958   0.427
1952.042   0.291
1952.125   0.016
1952.208  -0.536
1952.292  -0.050
1952.375  -0.049
1952.458  -0.020
1952.542   0.127
1952.625   0.088
1952.708   0.151
1952.792  -0.228
1952.875  -0.726
1952.958  -0.202
1953.042   0.198
1953.125   0.294
1953.208   0.226
1953.292   0.317
1953.375   0.109
1953.458   0.146
1953.542  -0.027
1953.625   0.182
1953.708   0.097
1953.792   0.187
1953.875  -0.249
1953.958   0.130
1954.042  -0.706
1954.125  -0.266
1954.208  -0.359
1954.292  -0.314
1954.375  -0.374
1954.458  -0.065
1954.542  -0.154
1954.625  -0.028
1954.708   0.008
1954.792   0.161
1954.875   0.384
1954.958  -0.342
1955.042   0.571
1955.125  -0.201
1955.208  -0.927
1955.292  -0.406
1955.375  -0.173
1955.458   0.021
1955.542  -0.181
1955.625   0.244
1955.708  -0.040
1955.792   0.234
1955.875  -0.332
1955.958  -0.575
1956.042  -0.406
1956.125  -0.688
1956.208  -0.674
1956.292  -0.590
1956.375  -0.550
1956.458  -0.279
1956.542  -0.203
1956.625  -0.562
1956.708  -0.361
1956.792  -0.442
1956.875  -0.455
1956.958  -0.404
1957.042  -0.381
1957.125  -0.303
1957.208  -0.505
1957.292  -0.304
1957.375  -0.208
1957.458   0.134
1957.542  -0.367
1957.625   0.107
1957.708   0.135
1957.792  -0.028
1957.875   0.119
1957.958   0.445
1958.042   0.703
1958.125   0.362
1958.208  -0.102
1958.292  -0.112
1958.375   0.108
1958.458  -0.313
1958.542   0.045
1958.625  -0.252
1958.708  -0.272
1958.792  -0.041
1958.875   0.029
1958.958  -0.086
1959.042   0.075
1959.125  -0.057
1959.208   0.268
1959.292   0.223
1959.375  -0.113
1959.458   0.118
1959.542   0.058
1959.625  -0.047
1959.708  -0.143
1959.792  -0.268
1959.875  -0.434
1959.958  -0.138
1960.042  -0.112
1960.125   0.448
1960.208  -1.197
1960.292  -0.499
1960.375  -0.546
1960.458  -0.052
1960.542  -0.206
1960.625  -0.095
1960.708   0.017
1960.792   0.055
1960.875  -0.360
1960.958   0.412
1961.042   0.055
1961.125   0.291
1961.208   0.011
1961.292   0.122
1961.375   0.169
1961.458   0.180
1961.542  -0.048
1961.625  -0.003
1961.708   0.151
1961.792  -0.136
1961.875  -0.021
1961.958  -0.393
1962.042   0.165
1962.125   0.320
1962.208   0.032
1962.292  -0.017
1962.375  -0.219
1962.458  -0.102
1962.542  -0.158
1962.625  -0.133
1962.708  -0.055
1962.792   0.092
1962.875   0.140
1962.958   0.025
1963.042   0.014
1963.125   0.652
1963.208  -0.417
1963.292  -0.375
1963.375  -0.368
1963.458  -0.061
1963.542   0.129
1963.625   0.379
1963.708   0.471
1963.792   0.530
1963.875   0.324
1963.958  -0.098
1964.042  -0.048
1964.125  -0.342
1964.208  -0.617
1964.292  -0.639
1964.375  -0.426
1964.458  -0.047
1964.542  -0.053
1964.625  -0.195
1964.708  -0.482
1964.792  -0.550
1964.875  -0.201
1964.958  -0.439
1965.042   0.033
1965.125  -0.329
1965.208  -0.247
1965.292  -0.525
1965.375  -0.188
1965.458  -0.104
1965.542  -0.272
1965.625  -0.103
1965.708  -0.319
1965.792   0.063
1965.875  -0.304
1965.958  -0.086
1966.042  -0.370
1966.125  -0.087
1966.208   0.011
1966.292  -0.367
1966.375  -0.215
1966.458   0.057
1966.542   0.146
1966.625  -0.129
1966.708   0.026
1966.792  -0.199
1966.875  -0.182
1966.958  -0.478
1967.042  -0.186
1967.125  -0.475
1967.208  -0.093
1967.292  -0.101
1967.375   0.218
1967.458  -0.257
1967.542  -0.056
1967.625  -0.136
1967.708  -0.063
1967.792   0.386
1967.875   0.028
1967.958  -0.014
1968.042  -0.476
1968.125  -0.165
1968.208   0.650
1968.292  -0.087
1968.375  -0.349
1968.458  -0.323
1968.542  -0.376
1968.625  -0.342
1968.708  -0.497
1968.792   0.026
1968.875  -0.299
1968.958  -0.649
1969.042  -0.905
1969.125  -0.928
1969.208  -0.387
1969.292   0.007
1969.375  -0.083
1969.458  -0.042
1969.542  -0.137
1969.625  -0.125
1969.708  -0.080
1969.792   0.040
1969.875   0.255
1969.958   0.332
1970.042  -0.011
1970.125   0.403
1970.208  -0.216
1970.292   0.022
1970.375  -0.215
1970.458   0.038
1970.542   0.007
1970.625  -0.214
1970.708   0.154
1970.792  -0.093
1970.875  -0.095
1970.958  -0.339
1971.042   0.099
1971.125  -0.448
1971.208  -0.499
1971.292  -0.296
1971.375  -0.202
1971.458  -0.389
1971.542  -0.240
1971.625  -0.055
1971.708   0.037
1971.792  -0.034
1971.875   0.093
1971.958  -0.006
1972.042  -0.962
1972.125  -0.795
1972.208  -0.296
1972.292  -0.180
1972.375  -0.273
1972.458   0.032
1972.542  -0.183
1972.625   0.209
1972.708  -0.201
1972.792  -0.102
1972.875  -0.366
1972.958  -0.097
1973.042   0.103
1973.125   0.475
1973.208   0.306
1973.292   0.371
1973.375   0.316
1973.458   0.322
1973.542   0.043
1973.625  -0.071
1973.708   0.019
1973.792   0.125
1973.875  -0.001
1973.958  -0.039
1974.042  -0.634
1974.125  -0.848
1974.208  -0.302
1974.292  -0.215
1974.375  -0.202
1974.458  -0.139
1974.542  -0.099
1974.625   0.070
1974.708  -0.306
1974.792  -0.301
1974.875  -0.293
1974.958  -0.375
1975.042   0.173
1975.125   0.013
1975.208   0.173
1975.292   0.041
1975.375   0.308
1975.458   0.025
1975.542  -0.048
1975.625  -0.363
1975.708  -0.010
1975.792  -0.152
1975.875  -0.259
1975.958  -0.226
1976.042   0.014
1976.125  -0.336
1976.208  -0.939
1976.292  -0.252
1976.375  -0.534
1976.458  -0.374
1976.542  -0.285
1976.625  -0.398
1976.708  -0.191
1976.792  -0.909
1976.875  -0.522
1976.958  -0.237
1977.042  -0.402
1977.125   0.103
1977.208   0.224
1977.292   0.298
1977.375   0.312
1977.458   0.339
1977.542   0.217
1977.625   0.104
1977.708  -0.212
1977.792  -0.249
1977.875   0.351
1977.958  -0.155
1978.042  -0.099
1978.125   0.083
1978.208   0.116
1978.292   0.230
1978.375  -0.054
1978.458  -0.263
1978.542  -0.041
1978.625  -0.573
1978.708  -0.088
1978.792  -0.091
1978.875   0.132
1978.958  -0.160
1979.042  -0.192
1979.125  -0.535
1979.208  -0.029
1979.292  -0.131
1979.375  -0.232
1979.458  -0.039
1979.542  -0.250
1979.625  -0.017
1979.708   0.117
1979.792   0.144
1979.875   0.149
1979.958   0.750
1980.042   0.126
1980.125   0.377
1980.208  -0.079
1980.292   0.385
1980.375   0.379
1980.458   0.086
1980.542   0.278
1980.625   0.270
1980.708   0.202
1980.792   0.151
1980.875   0.513
1980.958   0.160
1981.042   1.011
1981.125   0.717
1981.208   0.725
1981.292   0.369
1981.375   0.086
1981.458   0.206
1981.542   0.305
1981.625   0.559
1981.708   0.100
1981.792  -0.032
1981.875   0.098
1981.958   0.682
1982.042  -0.290
1982.125   0.014
1982.208  -0.604
1982.292  -0.035
1982.375  -0.043
1982.458  -0.204
1982.542   0.160
1982.625  -0.095
1982.708  -0.038
1982.792  -0.125
1982.875  -0.148
1982.958   0.485
1983.042   0.655
1983.125   0.463
1983.208   0.242
1983.292   0.111
1983.375   0.301
1983.458   0.027
1983.542   0.042
1983.625   0.376
1983.708   0.588
1983.792   0.088
1983.875   0.637
1983.958   0.029
1984.042   0.154
1984.125  -0.262
1984.208   0.176
1984.292  -0.120
1984.375   0.542
1984.458  -0.154
1984.542   0.035
1984.625   0.048
1984.708  -0.081
1984.792   0.013
1984.875  -0.298
1984.958  -0.684
1985.042   0.181
1985.125  -0.604
1985.208  -0.028
1985.292   0.076
1985.375   0.020
1985.458   0.108
1985.542  -0.348
1985.625   0.180
1985.708  -0.049
1985.792  -0.047
1985.875  -0.156
1985.958  -0.069
1986.042   0.548
1986.125   0.614
1986.208   0.303
1986.292   0.300
1986.375   0.212
1986.458  -0.049
1986.542  -0.080
1986.625   0.046
1986.708  -0.232
1986.792  -0.098
1986.875  -0.198
1986.958  -0.091
1987.042   0.311
1987.125   0.841
1987.208  -0.229
1987.292   0.095
1987.375   0.101
1987.458   0.371
1987.542   0.561
1987.625   0.019
1987.708   0.306
1987.792   0.185
1987.875  -0.061
1987.958   0.623
1988.042   0.667
1988.125   0.169
1988.208   0.504
1988.292   0.413
1988.375   0.450
1988.458   0.584
1988.542   0.321
1988.625   0.474
1988.708   0.527
1988.792   0.542
1988.875   0.188
1988.958   0.555
1989.042  -0.096
1989.125   0.346
1989.208   0.343
1989.292   0.103
1989.375  -0.069
1989.458   0.037
1989.542   0.212
1989.625   0.166
1989.708   0.342
1989.792   0.360
1989.875   0.021
1989.958   0.537
1990.042   0.449
1990.125   0.417
1990.208   1.216
1990.292   0.645
1990.375   0.407
1990.458   0.375
1990.542   0.351
1990.625   0.206
1990.708   0.168
1990.792   0.547
1990.875   0.723
1990.958   0.541
1991.042   0.425
1991.125   0.735
1991.208   0.109
1991.292   0.687
1991.375   0.264
1991.458   0.767
1991.542   0.640
1991.625   0.410
1991.708   0.565
1991.792   0.357
1991.875   0.264
1991.958   0.258
1992.042   0.769
1992.125   0.515
1992.208   0.454
1992.292  -0.012
1992.375   0.109
1992.458   0.047
1992.542  -0.314
1992.625  -0.168
1992.708  -0.417
1992.792  -0.087
1992.875  -0.269
1992.958   0.182
1993.042   0.485
1993.125   0.445
1993.208   0.468
1993.292   0.147
1993.375   0.095
1993.458   0.008
1993.542   0.108
1993.625  -0.034
1993.708  -0.161
1993.792   0.186
1993.875  -0.436
1993.958   0.247
1994.042   0.306
1994.125  -0.448
1994.208   0.271
1994.292   0.423
1994.375   0.319
1994.458   0.629
1994.542   0.243
1994.625   0.088
1994.708   0.411
1994.792   0.638
1994.875   0.574
1994.958   0.241
1995.042   0.760
1995.125   1.357
1995.208   0.491
1995.292   0.468
1995.375   0.152
1995.458   0.642
1995.542   0.684
1995.625   0.685
1995.708   0.417
1995.792   0.704
1995.875   0.625
1995.958   0.222
1996.042   0.097
1996.125   0.686
1996.208   0.102
1996.292   0.025
1996.375   0.252
1996.458   0.188
1996.542   0.501
1996.625   0.501
1996.708   0.209
1996.792   0.136
1996.875   0.327
1996.958   0.477
1997.042   0.421
1997.125   0.481
1997.208   0.527
1997.292   0.398
1997.375   0.170
1997.458   0.648
1997.542   0.179
1997.625   0.367
1997.708   0.564
1997.792   0.709
1997.875   0.652
1997.958   0.547
1998.042   0.622
1998.125   1.512
1998.208   0.642
1998.292   0.840
1998.375   0.855
1998.458   1.023
1998.542   0.982
1998.625   0.977
1998.708   0.573
1998.792   0.574
1998.875   0.282
1998.958   0.898
1999.042   0.811
1999.125   1.390
1999.208   0.061
1999.292   0.354
1999.375   0.301
1999.458   0.522
1999.542   0.453
1999.625   0.429
1999.708   0.491
1999.792   0.554
1999.875   0.416
1999.958   0.784
2000.042   0.206
2000.125   0.918
2000.208   0.725
2000.292   1.010
2000.375   0.461
2000.458   0.566
2000.542   0.505
2000.625   0.572
2000.708   0.412
2000.792   0.055
2000.875   0.096
2000.958   0.074
2001.042   0.588
2001.125   0.485
2001.208   0.812
2001.292   0.632
2001.375   0.812
2001.458   0.594
2001.542   0.732
2001.625   0.675
2001.708   0.604
2001.792   0.582
2001.875   1.276
2001.958   0.697
2002.042   1.244
2002.125   1.449
2002.208   1.371
2002.292   0.720
2002.375   0.762
2002.458   0.638
2002.542   1.016
2002.625   0.713
2002.708   0.743
2002.792   0.599
2002.875   0.760
2002.958   0.183
2003.042   1.192
2003.125   0.728
2003.208   0.592
2003.292   0.636
2003.375   0.781
2003.458   0.563
2003.542   0.557
2003.625   0.876
2003.708   0.800
2003.792   1.100
2003.875   0.648
2003.958   1.297
2004.042   0.824
2004.125   1.205
2004.208   0.945
2004.292   0.741
2004.375   0.318
2004.458   0.358
2004.542   0.071
2004.625   0.459
2004.708   0.589
2004.792   0.848
2004.875   1.200
2004.958   0.506
2005.042   1.040
2005.125   0.604
2005.208   1.081
2005.292   1.090
2005.375   0.813
2005.458   0.893
2005.542   0.821
2005.625   0.745
2005.708   1.111
2005.792   1.238
2005.875   1.291
2005.958   1.056
2006.042   0.571
2006.125   1.080
2006.208   0.876
2006.292   0.608
2006.375   0.465
2006.458   0.973
2006.542   0.665
2006.625   0.989
2006.708   0.787
2006.792   0.985
2006.875   0.891
2006.958   1.240
2007.042   1.900
2007.125   0.983
2007.208   1.045
2007.292   1.291
2007.375   1.104
2007.458   0.864
2007.542   0.914
2007.625   0.933
2007.708   0.910
2007.792   1.089
2007.875   1.035
2007.958   0.800
2008.042   0.155
2008.125   0.384
2008.208   1.516
2008.292   0.773
2008.375   0.637
2008.458   0.605
2008.542   0.862
2008.625   0.580
2008.708   0.711
2008.792   1.089
2008.875   1.197
2008.958   0.677
2009.042   0.988
2009.125   0.873
2009.208   0.714
2009.292   0.892
2009.375   0.759
2009.458   0.874
2009.542   0.909
2009.625   0.842
2009.708   1.170
2009.792   0.862
2009.875   0.936
2009.958   0.533
2010.042   0.969
2010.125   1.068
2010.208   1.376
2010.292   1.203
2010.375   1.046
2010.458   0.941
2010.542   0.897
2010.625   0.903
2010.708   0.818
2010.792   1.125
2010.875   1.495
2010.958   0.554
2011.042   0.576
2011.125   0.471
2011.208   0.722
2011.292   0.996
2011.375   0.531
2011.458   0.835
2011.542   1.056
2011.625   1.128
2011.708   0.947
2011.792   1.067
2011.875   0.701
2011.958   0.833
2012.042   0.466
2012.125   0.389
2012.208   0.618
2012.292   1.111
2012.375   1.124
2012.458   1.061
2012.542   0.741
2012.625   0.793
2012.708   0.925
2012.792   1.071
2012.875   1.091
2012.958   0.307
2013.042   0.973
2013.125   0.844
2013.208   0.777
2013.292   0.552
2013.375   0.764
2013.458   1.064
2013.542   0.692
2013.625   0.887
2013.708   1.158
2013.792   0.969
2013.875   1.321
2013.958   0.934
2014.042   0.983
2014.125   0.266
2014.208   0.978
2014.292   1.119
2014.375   1.128
2014.458   0.874
2014.542   0.584
2014.625   0.987
2014.708   1.026
2014.792   1.071
2014.875   0.696
2014.958   1.089
2015.042   1.193
2015.125   1.356
2015.208   1.290
2015.292   0.776
2015.375   0.926
2015.458   1.082
2015.542   0.825
2015.625   0.903
2015.708   1.073
2015.792   1.463
2015.875   1.374
2015.958   1.705
2016.042   1.452
2016.125   2.111
2016.208   1.932
2016.292   1.570
2016.375   1.103
2016.458   0.945
2016.542   0.898
2016.625   1.405
2016.708   1.118
2016.792   0.895
2016.875   0.985
2016.958   1.084
2017.042   1.361
2017.125   1.664
2017.208   1.662
