    1979  -0.249   0.041
    1980  -0.149   0.040
    1981  -0.113   0.038
    1982  -0.291   0.037
    1983  -0.110   0.035
    1984  -0.295   0.035
    1985  -0.324   0.034
    1986  -0.257   0.033
    1987  -0.123   0.032
    1988  -0.075   0.032
    1989  -0.173   0.031
    1990  -0.012   0.026
    1991  -0.014   0.026
    1992  -0.202   0.025
    1993  -0.164   0.021
    1994  -0.101   0.021
    1995   0.036   0.021
    1996  -0.074   0.024
    1997   0.078   0.025
    1998   0.217   0.023
    1999   0.007   0.024
    2000   0.003   0.024
    2001   0.126   0.026
    2002   0.226   0.027
    2003   0.206   0.027
    2004   0.135   0.027
    2005   0.276   0.027
    2006   0.219   0.027
    2007   0.222   0.030
    2008   0.100   0.030
    2009   0.241   0.031
    2010   0.299   0.032
    2011   0.193   0.033
    2012   0.210   0.033
    2013   0.240   0.033
    2014   0.304   0.033
    2015   0.439   0.034
    2016   0.553   0.031
