1979.042  -0.302   0.047 
1979.125  -0.525   0.049 
1979.208  -0.300   0.057 
1979.292  -0.300   0.066 
1979.375  -0.327   0.073 
1979.458  -0.262   0.079 
1979.542  -0.310   0.081 
1979.625  -0.234   0.079 
1979.708  -0.173   0.074 
1979.792  -0.162   0.066 
1979.875  -0.139   0.057 
1979.958   0.050   0.049 
1980.042  -0.152   0.046 
1980.125  -0.100   0.048 
1980.208  -0.181   0.055 
1980.292  -0.172   0.063 
1980.375  -0.148   0.071 
1980.458  -0.208   0.076 
1980.542  -0.168   0.078 
1980.625  -0.241   0.076 
1980.708  -0.243   0.071 
1980.792  -0.286   0.063 
1980.875  -0.117   0.055 
1980.958  -0.232   0.048 
1981.042   0.054   0.045 
1981.125  -0.107   0.047 
1981.208  -0.070   0.053 
1981.292  -0.178   0.061 
1981.375  -0.182   0.068 
1981.458  -0.098   0.072 
1981.542  -0.127   0.074 
1981.625  -0.086   0.073 
1981.708  -0.178   0.068 
1981.792  -0.307   0.061 
1981.875  -0.183   0.053 
1981.958  -0.011   0.046 
1982.042  -0.343   0.044 
1982.125  -0.314   0.046 
1982.208  -0.492   0.052 
1982.292  -0.308   0.059 
1982.375  -0.241   0.065 
1982.458  -0.359   0.069 
1982.542  -0.259   0.071 
1982.625  -0.435   0.069 
1982.708  -0.233   0.065 
1982.792  -0.235   0.058 
1982.875  -0.316   0.051 
1982.958  -0.043   0.045 
1983.042   0.059   0.043 
1983.125  -0.029   0.045 
1983.208  -0.121   0.050 
1983.292  -0.211   0.056 
1983.375  -0.115   0.062 
1983.458  -0.123   0.066 
1983.542  -0.224   0.067 
1983.625  -0.073   0.066 
1983.708  -0.080   0.062 
1983.792  -0.241   0.056 
1983.875  -0.066   0.049 
1983.958  -0.165   0.044 
1984.042  -0.173   0.042 
1984.125  -0.352   0.043 
1984.208  -0.230   0.048 
1984.292  -0.343   0.054 
1984.375  -0.115   0.059 
1984.458  -0.349   0.063 
1984.542  -0.360   0.064 
1984.625  -0.211   0.062 
1984.708  -0.203   0.058 
1984.792  -0.381   0.053 
1984.875  -0.404   0.047 
1984.958  -0.512   0.042 
1985.042  -0.234   0.041 
1985.125  -0.427   0.042 
1985.208  -0.327   0.046 
1985.292  -0.373   0.052 
1985.375  -0.321   0.056 
1985.458  -0.333   0.059 
1985.542  -0.330   0.060 
1985.625  -0.252   0.058 
1985.708  -0.281   0.055 
1985.792  -0.284   0.050 
1985.875  -0.366   0.045 
1985.958  -0.245   0.041 
1986.042  -0.253   0.039 
1986.125  -0.148   0.041 
1986.208  -0.246   0.045 
1986.292  -0.246   0.049 
1986.375  -0.262   0.053 
1986.458  -0.274   0.056 
1986.542  -0.289   0.056 
1986.625  -0.265   0.055 
1986.708  -0.267   0.052 
1986.792  -0.241   0.047 
1986.875  -0.294   0.043 
1986.958  -0.263   0.039 
1987.042  -0.179   0.038 
1987.125  -0.097   0.040 
1987.208  -0.291   0.043 
1987.292  -0.220   0.047 
1987.375  -0.196   0.051 
1987.458  -0.132   0.053 
1987.542  -0.010   0.053 
1987.625  -0.150   0.052 
1987.708  -0.054   0.049 
1987.792  -0.117   0.045 
1987.875  -0.133   0.041 
1987.958   0.054   0.038 
1988.042   0.051   0.037 
1988.125  -0.102   0.039 
1988.208  -0.017   0.042 
1988.292  -0.030   0.045 
1988.375  -0.010   0.049 
1988.458  -0.035   0.050 
1988.542  -0.130   0.050 
1988.625  -0.145   0.049 
1988.708  -0.110   0.046 
1988.792  -0.120   0.043 
1988.875  -0.288   0.039 
1988.958  -0.110   0.037 
1989.042  -0.365   0.036 
1989.125  -0.104   0.038 
1989.208  -0.184   0.041 
1989.292  -0.200   0.044 
1989.375  -0.198   0.047 
1989.458  -0.227   0.049 
1989.542  -0.109   0.049 
1989.625  -0.125   0.047 
1989.708  -0.095   0.044 
1989.792  -0.082   0.041 
1989.875  -0.245   0.038 
1989.958  -0.053   0.036 
1990.042  -0.081   0.035 
1990.125  -0.095   0.037 
1990.208   0.249   0.040 
1990.292   0.103   0.044 
1990.375   0.034   0.046 
1990.458   0.006   0.048 
1990.542  -0.044   0.048 
1990.625  -0.090   0.046 
1990.708  -0.172   0.043 
1990.792   0.052   0.040 
1990.875  -0.010   0.037 
1990.958  -0.044   0.035 
1991.042  -0.029   0.035 
1991.125  -0.034   0.037 
1991.208  -0.132   0.040 
1991.292   0.080   0.043 
1991.375   0.013   0.046 
1991.458   0.066   0.047 
1991.542   0.053   0.047 
1991.625  -0.010   0.045 
1991.708  -0.009   0.042 
1991.792  -0.111   0.039 
1991.875  -0.064   0.036 
1991.958  -0.133   0.034 
1992.042   0.022   0.034 
1992.125  -0.021   0.037 
1992.208  -0.061   0.040 
1992.292  -0.211   0.043 
1992.375  -0.108   0.046 
1992.458  -0.148   0.047 
1992.542  -0.326   0.047 
1992.625  -0.267   0.045 
1992.708  -0.386   0.042 
1992.792  -0.352   0.038 
1992.875  -0.385   0.035 
1992.958  -0.177   0.034 
1993.042  -0.003   0.034 
1993.125  -0.095   0.037 
1993.208  -0.051   0.040 
1993.292  -0.156   0.043 
1993.375  -0.116   0.046 
1993.458  -0.117   0.047 
1993.542  -0.194   0.047 
1993.625  -0.254   0.045 
1993.708  -0.219   0.042 
1993.792  -0.149   0.038 
1993.875  -0.294   0.035 
1993.958  -0.200   0.033 
1994.042  -0.168   0.034 
1994.125  -0.393   0.036 
1994.208  -0.134   0.040 
1994.292  -0.098   0.044 
1994.375  -0.040   0.046 
1994.458   0.028   0.047 
1994.542  -0.114   0.047 
1994.625  -0.166   0.045 
1994.708  -0.049   0.042 
1994.792   0.045   0.038 
1994.875   0.042   0.035 
1994.958  -0.065   0.033 
1995.042   0.063   0.034 
1995.125   0.251   0.036 
1995.208  -0.024   0.040 
1995.292   0.038   0.044 
1995.375  -0.048   0.046 
1995.458   0.018   0.047 
1995.542   0.090   0.047 
1995.625   0.058   0.045 
1995.708  -0.040   0.042 
1995.792   0.081   0.038 
1995.875   0.079   0.035 
1995.958  -0.143   0.033 
1996.042  -0.159   0.034 
1996.125   0.030   0.036 
1996.208  -0.117   0.040 
1996.292  -0.147   0.044 
1996.375  -0.057   0.046 
1996.458  -0.154   0.048 
1996.542   0.015   0.047 
1996.625  -0.031   0.045 
1996.708  -0.114   0.042 
1996.792  -0.127   0.039 
1996.875  -0.039   0.035 
1996.958  -0.000   0.034 
1997.042  -0.101   0.034 
1997.125  -0.085   0.037 
1997.208   0.037   0.040 
1997.292   0.025   0.044 
1997.375  -0.005   0.047 
1997.458   0.164   0.048 
1997.542   0.053   0.048 
1997.625   0.104   0.046 
1997.708   0.136   0.043 
1997.792   0.231   0.039 
1997.875   0.226   0.036 
1997.958   0.183   0.034 
1998.042   0.116   0.035 
1998.125   0.355   0.037 
1998.208   0.190   0.041 
1998.292   0.320   0.044 
1998.375   0.305   0.047 
1998.458   0.300   0.048 
1998.542   0.390   0.048 
1998.625   0.306   0.046 
1998.708   0.072   0.043 
1998.792   0.096   0.040 
1998.875   0.087   0.036 
1998.958   0.209   0.035 
1999.042   0.022   0.035 
1999.125   0.221   0.038 
1999.208  -0.144   0.041 
1999.292   0.015   0.045 
1999.375  -0.021   0.047 
1999.458   0.021   0.049 
1999.542  -0.022   0.049 
1999.625  -0.048   0.047 
1999.708   0.043   0.044 
1999.792  -0.010   0.040 
1999.875  -0.009   0.037 
1999.958   0.111   0.035 
2000.042  -0.133   0.036 
2000.125   0.108   0.038 
2000.208   0.078   0.042 
2000.292   0.160   0.045 
2000.375  -0.021   0.048 
2000.458   0.031   0.049 
2000.542  -0.011   0.049 
2000.625   0.029   0.047 
2000.708   0.076   0.044 
2000.792  -0.116   0.041 
2000.875  -0.064   0.038 
2000.958  -0.112   0.036 
2001.042   0.037   0.037 
2001.125   0.001   0.039 
2001.208   0.173   0.042 
2001.292   0.079   0.046 
2001.375   0.091   0.048 
2001.458   0.127   0.050 
2001.542   0.143   0.050 
2001.625   0.175   0.048 
2001.708   0.147   0.045 
2001.792   0.131   0.042 
2001.875   0.368   0.039 
2001.958   0.161   0.037 
2002.042   0.309   0.037 
2002.125   0.296   0.040 
2002.208   0.424   0.043 
2002.292   0.148   0.046 
2002.375   0.188   0.049 
2002.458   0.216   0.050 
2002.542   0.241   0.050 
2002.625   0.182   0.049 
2002.708   0.174   0.046 
2002.792   0.179   0.042 
2002.875   0.187   0.039 
2002.958   0.084   0.038 
2003.042   0.307   0.038 
2003.125   0.104   0.040 
2003.208   0.106   0.044 
2003.292   0.151   0.047 
2003.375   0.207   0.050 
2003.458   0.114   0.051 
2003.542   0.138   0.051 
2003.625   0.273   0.050 
2003.708   0.300   0.047 
2003.792   0.326   0.044 
2003.875   0.173   0.041 
2003.958   0.314   0.039 
2004.042   0.193   0.039 
2004.125   0.236   0.041 
2004.208   0.189   0.044 
2004.292   0.153   0.048 
2004.375   0.047   0.051 
2004.458   0.041   0.052 
2004.542   0.017   0.052 
2004.625   0.128   0.051 
2004.708   0.166   0.048 
2004.792   0.216   0.045 
2004.875   0.302   0.042 
2004.958   0.061   0.040 
2005.042   0.258   0.040 
2005.125   0.115   0.042 
2005.208   0.265   0.045 
2005.292   0.336   0.049 
2005.375   0.245   0.051 
2005.458   0.256   0.053 
2005.542   0.235   0.053 
2005.625   0.278   0.052 
2005.708   0.313   0.049 
2005.792   0.340   0.046 
2005.875   0.338   0.043 
2005.958   0.251   0.041 
2006.042   0.073   0.041 
2006.125   0.247   0.043 
2006.208   0.170   0.046 
2006.292   0.111   0.049 
2006.375   0.165   0.052 
2006.458   0.238   0.054 
2006.542   0.193   0.054 
2006.625   0.251   0.053 
2006.708   0.223   0.050 
2006.792   0.299   0.047 
2006.875   0.316   0.044 
2006.958   0.383   0.042 
2007.042   0.478   0.041 
2007.125   0.247   0.043 
2007.208   0.171   0.046 
2007.292   0.326   0.050 
2007.375   0.185   0.053 
2007.458   0.116   0.055 
2007.542   0.189   0.055 
2007.625   0.185   0.054 
2007.708   0.179   0.051 
2007.792   0.213   0.048 
2007.875   0.184   0.045 
2007.958   0.068   0.043 
2008.042  -0.201   0.042 
2008.125  -0.107   0.044 
2008.208   0.205   0.047 
2008.292   0.070   0.050 
2008.375   0.137   0.053 
2008.458   0.047   0.055 
2008.542   0.210   0.056 
2008.625   0.130   0.055 
2008.708   0.163   0.052 
2008.792   0.218   0.049 
2008.875   0.278   0.046 
2008.958   0.114   0.044 
2009.042   0.180   0.043 
2009.125   0.071   0.044 
2009.208   0.039   0.047 
2009.292   0.210   0.050 
2009.375   0.209   0.053 
2009.458   0.321   0.055 
2009.542   0.297   0.056 
2009.625   0.265   0.055 
2009.708   0.310   0.053 
2009.792   0.274   0.051 
2009.875   0.299   0.048 
2009.958   0.261   0.045 
2010.042   0.284   0.044 
2010.125   0.323   0.045 
2010.208   0.398   0.047 
2010.292   0.475   0.050 
2010.375   0.362   0.053 
2010.458   0.330   0.055 
2010.542   0.306   0.056 
2010.625   0.241   0.056 
2010.708   0.240   0.054 
2010.792   0.267   0.052 
2010.875   0.415   0.049 
2010.958   0.100   0.047 
2011.042   0.076   0.046 
2011.125   0.021   0.046 
2011.208   0.148   0.048 
2011.292   0.230   0.050 
2011.375   0.127   0.053 
2011.458   0.212   0.055 
2011.542   0.249   0.056 
2011.625   0.245   0.056 
2011.708   0.211   0.055 
2011.792   0.192   0.053 
2011.875   0.134   0.051 
2011.958   0.118   0.049 
2012.042  -0.022   0.047 
2012.125  -0.007   0.047 
2012.208  -0.011   0.048 
2012.292   0.267   0.050 
2012.375   0.329   0.053 
2012.458   0.308   0.055 
2012.542   0.154   0.056 
2012.625   0.227   0.057 
2012.708   0.290   0.056 
2012.792   0.371   0.055 
2012.875   0.366   0.053 
2012.958   0.050   0.051 
2013.042   0.172   0.049 
2013.125   0.095   0.049 
2013.208   0.092   0.049 
2013.292   0.189   0.051 
2013.375   0.243   0.053 
2013.458   0.288   0.055 
2013.542   0.242   0.057 
2013.625   0.209   0.057 
2013.708   0.343   0.057 
2013.792   0.268   0.056 
2013.875   0.431   0.055 
2013.958   0.212   0.053 
2014.042   0.286   0.051 
2014.125   0.014   0.050 
2014.208   0.263   0.050 
2014.292   0.353   0.051 
2014.375   0.380   0.053 
2014.458   0.265   0.055 
2014.542   0.236   0.057 
2014.625   0.329   0.058 
2014.708   0.386   0.058 
2014.792   0.356   0.058 
2014.875   0.286   0.057 
2014.958   0.387   0.055 
2015.042   0.368   0.053 
2015.125   0.352   0.051 
2015.208   0.387   0.051 
2015.292   0.368   0.051 
2015.375   0.410   0.053 
2015.458   0.408   0.055 
2015.542   0.393   0.057 
2015.625   0.450   0.059 
2015.708   0.480   0.059 
2015.792   0.554   0.060 
2015.875   0.611   0.059 
2015.958   0.691   0.057 
2016.042   0.675   0.055 
2016.125   0.751   0.053 
2016.208   0.769   0.052 
2016.292   0.675   0.052 
2016.375   0.495   0.053 
2016.458   0.437   0.054 
2016.542   0.487   0.057 
2016.625   0.580   0.059 
2016.708   0.480   0.061 
2016.792   0.424   0.061 
2016.875   0.440   0.061 
2016.958   0.379   0.059 
2017.042   0.465   0.057 
2017.125   0.572   0.055 
2017.208   0.591   0.053 
