    1979  -0.249   0.037
    1980  -0.187   0.036
    1981  -0.123   0.034
    1982  -0.298   0.033
    1983  -0.116   0.032
    1984  -0.303   0.032
    1985  -0.315   0.032
    1986  -0.254   0.031
    1987  -0.127   0.030
    1988  -0.087   0.030
    1989  -0.166   0.029
    1990  -0.008   0.024
    1991  -0.026   0.024
    1992  -0.202   0.023
    1993  -0.154   0.021
    1994  -0.093   0.021
    1995   0.035   0.021
    1996  -0.075   0.024
    1997   0.081   0.024
    1998   0.229   0.024
    1999   0.015   0.024
    2000   0.002   0.025
    2001   0.136   0.026
    2002   0.219   0.028
    2003   0.209   0.029
    2004   0.146   0.028
    2005   0.269   0.028
    2006   0.222   0.028
    2007   0.212   0.031
    2008   0.105   0.031
    2009   0.228   0.032
    2010   0.312   0.033
    2011   0.164   0.034
    2012   0.194   0.035
    2013   0.232   0.035
    2014   0.295   0.036
    2015   0.456   0.037
    2016   0.549   0.034
