1979.042  -0.270   0.042 
1979.125  -0.519   0.043 
1979.208  -0.305   0.052 
1979.292  -0.309   0.062 
1979.375  -0.322   0.072 
1979.458  -0.281   0.080 
1979.542  -0.314   0.084 
1979.625  -0.244   0.083 
1979.708  -0.162   0.078 
1979.792  -0.170   0.069 
1979.875  -0.159   0.058 
1979.958   0.065   0.047 
1980.042  -0.121   0.041 
1980.125  -0.065   0.042 
1980.208  -0.123   0.050 
1980.292  -0.109   0.060 
1980.375  -0.087   0.070 
1980.458  -0.206   0.077 
1980.542  -0.116   0.080 
1980.625  -0.179   0.080 
1980.708  -0.201   0.075 
1980.792  -0.266   0.066 
1980.875  -0.083   0.056 
1980.958  -0.231   0.046 
1981.042   0.023   0.040 
1981.125  -0.121   0.041 
1981.208  -0.025   0.049 
1981.292  -0.178   0.058 
1981.375  -0.184   0.067 
1981.458  -0.097   0.074 
1981.542  -0.115   0.077 
1981.625  -0.056   0.076 
1981.708  -0.136   0.072 
1981.792  -0.260   0.064 
1981.875  -0.213   0.054 
1981.958   0.009   0.045 
1982.042  -0.316   0.039 
1982.125  -0.303   0.040 
1982.208  -0.527   0.047 
1982.292  -0.364   0.056 
1982.375  -0.238   0.064 
1982.458  -0.356   0.070 
1982.542  -0.247   0.073 
1982.625  -0.385   0.072 
1982.708  -0.228   0.068 
1982.792  -0.226   0.061 
1982.875  -0.289   0.052 
1982.958  -0.007   0.043 
1983.042   0.052   0.038 
1983.125  -0.038   0.039 
1983.208  -0.125   0.045 
1983.292  -0.179   0.053 
1983.375  -0.053   0.061 
1983.458  -0.132   0.067 
1983.542  -0.212   0.069 
1983.625  -0.093   0.068 
1983.708  -0.043   0.064 
1983.792  -0.251   0.058 
1983.875  -0.085   0.049 
1983.958  -0.159   0.041 
1984.042  -0.158   0.037 
1984.125  -0.355   0.038 
1984.208  -0.209   0.043 
1984.292  -0.312   0.051 
1984.375  -0.086   0.058 
1984.458  -0.328   0.063 
1984.542  -0.404   0.065 
1984.625  -0.219   0.064 
1984.708  -0.207   0.060 
1984.792  -0.360   0.054 
1984.875  -0.417   0.047 
1984.958  -0.486   0.040 
1985.042  -0.207   0.035 
1985.125  -0.458   0.036 
1985.208  -0.320   0.041 
1985.292  -0.373   0.048 
1985.375  -0.326   0.054 
1985.458  -0.345   0.058 
1985.542  -0.370   0.060 
1985.625  -0.262   0.060 
1985.708  -0.294   0.056 
1985.792  -0.298   0.051 
1985.875  -0.380   0.044 
1985.958  -0.259   0.038 
1986.042  -0.237   0.034 
1986.125  -0.112   0.034 
1986.208  -0.252   0.039 
1986.292  -0.243   0.045 
1986.375  -0.225   0.050 
1986.458  -0.266   0.054 
1986.542  -0.296   0.056 
1986.625  -0.308   0.055 
1986.708  -0.314   0.052 
1986.792  -0.271   0.047 
1986.875  -0.289   0.041 
1986.958  -0.269   0.035 
1987.042  -0.175   0.032 
1987.125  -0.112   0.033 
1987.208  -0.306   0.036 
1987.292  -0.239   0.042 
1987.375  -0.182   0.046 
1987.458  -0.103   0.050 
1987.542   0.027   0.051 
1987.625  -0.136   0.050 
1987.708  -0.011   0.047 
1987.792  -0.108   0.043 
1987.875  -0.178   0.038 
1987.958   0.044   0.033 
1988.042   0.049   0.031 
1988.125  -0.090   0.031 
1988.208  -0.029   0.034 
1988.292  -0.019   0.039 
1988.375   0.001   0.043 
1988.458  -0.025   0.045 
1988.542  -0.123   0.046 
1988.625  -0.087   0.045 
1988.708  -0.103   0.043 
1988.792  -0.085   0.039 
1988.875  -0.273   0.035 
1988.958  -0.120   0.031 
1989.042  -0.374   0.029 
1989.125  -0.119   0.030 
1989.208  -0.191   0.033 
1989.292  -0.177   0.036 
1989.375  -0.242   0.040 
1989.458  -0.279   0.042 
1989.542  -0.127   0.042 
1989.625  -0.122   0.042 
1989.708  -0.097   0.039 
1989.792  -0.071   0.036 
1989.875  -0.268   0.032 
1989.958  -0.010   0.029 
1990.042  -0.053   0.028 
1990.125  -0.101   0.029 
1990.208   0.198   0.031 
1990.292   0.091   0.034 
1990.375   0.063   0.037 
1990.458  -0.024   0.039 
1990.542  -0.002   0.039 
1990.625  -0.094   0.038 
1990.708  -0.172   0.036 
1990.792   0.031   0.033 
1990.875  -0.021   0.030 
1990.958  -0.054   0.027 
1991.042  -0.034   0.027 
1991.125   0.002   0.028 
1991.208  -0.145   0.030 
1991.292   0.099   0.033 
1991.375   0.005   0.035 
1991.458   0.076   0.037 
1991.542   0.086   0.037 
1991.625   0.010   0.036 
1991.708  -0.004   0.033 
1991.792  -0.100   0.031 
1991.875  -0.059   0.028 
1991.958  -0.101   0.026 
1992.042  -0.002   0.026 
1992.125  -0.031   0.027 
1992.208  -0.052   0.029 
1992.292  -0.211   0.032 
1992.375  -0.088   0.034 
1992.458  -0.140   0.035 
1992.542  -0.291   0.035 
1992.625  -0.286   0.034 
1992.708  -0.399   0.032 
1992.792  -0.326   0.029 
1992.875  -0.397   0.027 
1992.958  -0.200   0.025 
1993.042  -0.017   0.025 
1993.125  -0.100   0.027 
1993.208  -0.112   0.029 
1993.292  -0.170   0.032 
1993.375  -0.138   0.034 
1993.458  -0.102   0.035 
1993.542  -0.174   0.035 
1993.625  -0.234   0.033 
1993.708  -0.220   0.031 
1993.792  -0.171   0.028 
1993.875  -0.299   0.026 
1993.958  -0.234   0.025 
1994.042  -0.169   0.025 
1994.125  -0.418   0.027 
1994.208  -0.169   0.029 
1994.292  -0.065   0.032 
1994.375  -0.057   0.034 
1994.458   0.024   0.035 
1994.542  -0.089   0.035 
1994.625  -0.212   0.033 
1994.708  -0.056   0.031 
1994.792   0.031   0.028 
1994.875   0.061   0.026 
1994.958  -0.088   0.025 
1995.042   0.041   0.025 
1995.125   0.230   0.027 
1995.208  -0.033   0.029 
1995.292   0.049   0.032 
1995.375  -0.073   0.034 
1995.458   0.027   0.036 
1995.542   0.145   0.036 
1995.625   0.079   0.034 
1995.708  -0.022   0.032 
1995.792   0.070   0.029 
1995.875   0.070   0.027 
1995.958  -0.147   0.025 
1996.042  -0.171   0.025 
1996.125   0.032   0.027 
1996.208  -0.116   0.030 
1996.292  -0.098   0.033 
1996.375  -0.082   0.035 
1996.458  -0.169   0.037 
1996.542  -0.046   0.037 
1996.625   0.036   0.036 
1996.708  -0.120   0.034 
1996.792  -0.156   0.031 
1996.875  -0.001   0.028 
1996.958   0.005   0.026 
1997.042  -0.128   0.026 
1997.125  -0.106   0.028 
1997.208   0.050   0.031 
1997.292  -0.003   0.034 
1997.375  -0.031   0.037 
1997.458   0.185   0.039 
1997.542   0.053   0.039 
1997.625   0.061   0.038 
1997.708   0.137   0.036 
1997.792   0.247   0.033 
1997.875   0.288   0.030 
1997.958   0.186   0.028 
1998.042   0.110   0.027 
1998.125   0.348   0.029 
1998.208   0.159   0.032 
1998.292   0.285   0.036 
1998.375   0.315   0.039 
1998.458   0.329   0.041 
1998.542   0.362   0.041 
1998.625   0.320   0.040 
1998.708   0.069   0.038 
1998.792   0.068   0.035 
1998.875   0.054   0.032 
1998.958   0.188   0.029 
1999.042   0.015   0.028 
1999.125   0.203   0.030 
1999.208  -0.133   0.033 
1999.292  -0.027   0.037 
1999.375  -0.064   0.041 
1999.458   0.039   0.043 
1999.542   0.001   0.043 
1999.625  -0.060   0.043 
1999.708   0.071   0.040 
1999.792  -0.025   0.037 
1999.875  -0.021   0.033 
1999.958   0.080   0.030 
2000.042  -0.172   0.030 
2000.125   0.090   0.031 
2000.208   0.074   0.035 
2000.292   0.151   0.039 
2000.375  -0.023   0.042 
2000.458   0.030   0.045 
2000.542   0.004   0.046 
2000.625   0.041   0.045 
2000.708   0.082   0.042 
2000.792  -0.108   0.039 
2000.875  -0.036   0.035 
2000.958  -0.102   0.032 
2001.042   0.021   0.031 
2001.125   0.019   0.032 
2001.208   0.179   0.036 
2001.292   0.082   0.040 
2001.375   0.087   0.044 
2001.458   0.109   0.046 
2001.542   0.157   0.047 
2001.625   0.142   0.046 
2001.708   0.122   0.044 
2001.792   0.103   0.040 
2001.875   0.346   0.036 
2001.958   0.144   0.033 
2002.042   0.322   0.032 
2002.125   0.260   0.033 
2002.208   0.455   0.037 
2002.292   0.127   0.041 
2002.375   0.248   0.045 
2002.458   0.212   0.048 
2002.542   0.203   0.049 
2002.625   0.143   0.048 
2002.708   0.218   0.045 
2002.792   0.211   0.041 
2002.875   0.231   0.037 
2002.958   0.083   0.034 
2003.042   0.321   0.033 
2003.125   0.122   0.034 
2003.208   0.112   0.038 
2003.292   0.144   0.042 
2003.375   0.180   0.046 
2003.458   0.105   0.049 
2003.542   0.123   0.050 
2003.625   0.251   0.049 
2003.708   0.296   0.046 
2003.792   0.319   0.042 
2003.875   0.173   0.038 
2003.958   0.325   0.035 
2004.042   0.196   0.034 
2004.125   0.252   0.035 
2004.208   0.193   0.039 
2004.292   0.171   0.043 
2004.375   0.015   0.047 
2004.458   0.038   0.050 
2004.542  -0.044   0.051 
2004.625   0.087   0.050 
2004.708   0.135   0.047 
2004.792   0.194   0.043 
2004.875   0.295   0.039 
2004.958   0.084   0.036 
2005.042   0.279   0.034 
2005.125   0.127   0.036 
2005.208   0.263   0.039 
2005.292   0.300   0.044 
2005.375   0.252   0.047 
2005.458   0.274   0.050 
2005.542   0.237   0.051 
2005.625   0.261   0.050 
2005.708   0.322   0.047 
2005.792   0.356   0.043 
2005.875   0.359   0.039 
2005.958   0.282   0.036 
2006.042   0.093   0.035 
2006.125   0.266   0.036 
2006.208   0.175   0.040 
2006.292   0.097   0.044 
2006.375   0.121   0.047 
2006.458   0.228   0.050 
2006.542   0.160   0.050 
2006.625   0.293   0.049 
2006.708   0.214   0.047 
2006.792   0.309   0.043 
2006.875   0.314   0.039 
2006.958   0.354   0.036 
2007.042   0.483   0.035 
2007.125   0.261   0.037 
2007.208   0.182   0.040 
2007.292   0.349   0.044 
2007.375   0.227   0.047 
2007.458   0.160   0.049 
2007.542   0.217   0.050 
2007.625   0.182   0.049 
2007.708   0.151   0.046 
2007.792   0.197   0.043 
2007.875   0.193   0.039 
2007.958   0.059   0.036 
2008.042  -0.209   0.036 
2008.125  -0.122   0.037 
2008.208   0.226   0.040 
2008.292   0.103   0.043 
2008.375   0.132   0.046 
2008.458   0.034   0.048 
2008.542   0.185   0.049 
2008.625   0.114   0.048 
2008.708   0.157   0.045 
2008.792   0.214   0.042 
2008.875   0.261   0.039 
2008.958   0.105   0.037 
2009.042   0.187   0.036 
2009.125   0.087   0.037 
2009.208   0.056   0.040 
2009.292   0.202   0.042 
2009.375   0.221   0.045 
2009.458   0.310   0.047 
2009.542   0.361   0.047 
2009.625   0.302   0.047 
2009.708   0.283   0.045 
2009.792   0.265   0.042 
2009.875   0.339   0.040 
2009.958   0.277   0.038 
2010.042   0.289   0.037 
2010.125   0.362   0.037 
2010.208   0.430   0.039 
2010.292   0.464   0.042 
2010.375   0.339   0.044 
2010.458   0.299   0.046 
2010.542   0.234   0.046 
2010.625   0.205   0.046 
2010.708   0.219   0.044 
2010.792   0.285   0.042 
2010.875   0.377   0.040 
2010.958   0.084   0.038 
2011.042   0.069   0.038 
2011.125   0.040   0.038 
2011.208   0.166   0.039 
2011.292   0.241   0.041 
2011.375   0.137   0.043 
2011.458   0.219   0.045 
2011.542   0.334   0.046 
2011.625   0.324   0.045 
2011.708   0.248   0.044 
2011.792   0.230   0.043 
2011.875   0.177   0.041 
2011.958   0.132   0.039 
2012.042  -0.005   0.039 
2012.125   0.029   0.039 
2012.208   0.025   0.040 
2012.292   0.289   0.041 
2012.375   0.353   0.043 
2012.458   0.282   0.044 
2012.542   0.141   0.045 
2012.625   0.226   0.045 
2012.708   0.281   0.045 
2012.792   0.395   0.044 
2012.875   0.410   0.042 
2012.958   0.097   0.041 
2013.042   0.202   0.040 
2013.125   0.101   0.040 
2013.208   0.130   0.040 
2013.292   0.169   0.041 
2013.375   0.225   0.043 
2013.458   0.240   0.044 
2013.542   0.210   0.045 
2013.625   0.244   0.046 
2013.708   0.386   0.045 
2013.792   0.296   0.045 
2013.875   0.426   0.044 
2013.958   0.249   0.042 
2014.042   0.316   0.041 
2014.125   0.039   0.041 
2014.208   0.257   0.041 
2014.292   0.338   0.041 
2014.375   0.391   0.043 
2014.458   0.243   0.044 
2014.542   0.209   0.045 
2014.625   0.372   0.046 
2014.708   0.424   0.046 
2014.792   0.384   0.046 
2014.875   0.306   0.045 
2014.958   0.373   0.044 
2015.042   0.372   0.043 
2015.125   0.348   0.042 
2015.208   0.385   0.042 
2015.292   0.347   0.042 
2015.375   0.400   0.043 
2015.458   0.373   0.045 
2015.542   0.355   0.046 
2015.625   0.413   0.047 
2015.708   0.431   0.048 
2015.792   0.572   0.048 
2015.875   0.585   0.047 
2015.958   0.682   0.046 
2016.042   0.685   0.044 
2016.125   0.746   0.043 
2016.208   0.763   0.043 
2016.292   0.663   0.043 
2016.375   0.521   0.044 
2016.458   0.382   0.045 
2016.542   0.479   0.047 
2016.625   0.587   0.048 
2016.708   0.437   0.049 
2016.792   0.449   0.049 
2016.875   0.504   0.049 
2016.958   0.417   0.048 
2017.042   0.487   0.046 
2017.125   0.587   0.045 
2017.208   0.612   0.044 
