1979.042  -0.326   0.054 
1979.125  -0.531   0.056 
1979.208  -0.261   0.063 
1979.292  -0.265   0.073 
1979.375  -0.266   0.083 
1979.458  -0.257   0.090 
1979.542  -0.339   0.093 
1979.625  -0.235   0.091 
1979.708  -0.136   0.086 
1979.792  -0.128   0.077 
1979.875  -0.130   0.066 
1979.958  -0.003   0.056 
1980.042  -0.107   0.051 
1980.125  -0.085   0.053 
1980.208  -0.165   0.060 
1980.292  -0.148   0.070 
1980.375  -0.077   0.079 
1980.458  -0.211   0.085 
1980.542  -0.115   0.088 
1980.625  -0.166   0.087 
1980.708  -0.199   0.082 
1980.792  -0.269   0.073 
1980.875  -0.104   0.063 
1980.958  -0.225   0.054 
1981.042   0.014   0.049 
1981.125  -0.104   0.050 
1981.208  -0.011   0.057 
1981.292  -0.201   0.066 
1981.375  -0.200   0.075 
1981.458  -0.130   0.081 
1981.542  -0.128   0.083 
1981.625  -0.090   0.082 
1981.708  -0.179   0.077 
1981.792  -0.286   0.069 
1981.875  -0.227   0.060 
1981.958  -0.005   0.051 
1982.042  -0.336   0.046 
1982.125  -0.325   0.048 
1982.208  -0.526   0.054 
1982.292  -0.372   0.062 
1982.375  -0.259   0.070 
1982.458  -0.385   0.076 
1982.542  -0.272   0.078 
1982.625  -0.394   0.077 
1982.708  -0.242   0.073 
1982.792  -0.216   0.065 
1982.875  -0.270   0.056 
1982.958  -0.011   0.048 
1983.042   0.015   0.044 
1983.125  -0.038   0.045 
1983.208  -0.118   0.051 
1983.292  -0.183   0.058 
1983.375  -0.041   0.066 
1983.458  -0.133   0.071 
1983.542  -0.247   0.073 
1983.625  -0.089   0.072 
1983.708  -0.046   0.068 
1983.792  -0.247   0.061 
1983.875  -0.096   0.053 
1983.958  -0.201   0.045 
1984.042  -0.193   0.041 
1984.125  -0.351   0.042 
1984.208  -0.219   0.047 
1984.292  -0.309   0.054 
1984.375  -0.094   0.061 
1984.458  -0.365   0.065 
1984.542  -0.395   0.068 
1984.625  -0.242   0.067 
1984.708  -0.197   0.063 
1984.792  -0.353   0.056 
1984.875  -0.384   0.049 
1984.958  -0.460   0.042 
1985.042  -0.219   0.038 
1985.125  -0.494   0.039 
1985.208  -0.338   0.043 
1985.292  -0.365   0.050 
1985.375  -0.332   0.056 
1985.458  -0.345   0.060 
1985.542  -0.402   0.062 
1985.625  -0.270   0.061 
1985.708  -0.309   0.057 
1985.792  -0.317   0.052 
1985.875  -0.364   0.045 
1985.958  -0.270   0.039 
1986.042  -0.253   0.035 
1986.125  -0.112   0.036 
1986.208  -0.251   0.040 
1986.292  -0.254   0.045 
1986.375  -0.267   0.050 
1986.458  -0.312   0.054 
1986.542  -0.306   0.056 
1986.625  -0.314   0.055 
1986.708  -0.331   0.052 
1986.792  -0.275   0.047 
1986.875  -0.290   0.041 
1986.958  -0.274   0.035 
1987.042  -0.169   0.032 
1987.125  -0.121   0.033 
1987.208  -0.322   0.036 
1987.292  -0.276   0.041 
1987.375  -0.190   0.045 
1987.458  -0.154   0.048 
1987.542   0.003   0.050 
1987.625  -0.162   0.049 
1987.708  -0.078   0.046 
1987.792  -0.143   0.042 
1987.875  -0.183   0.037 
1987.958   0.006   0.032 
1988.042   0.040   0.030 
1988.125  -0.126   0.030 
1988.208  -0.057   0.033 
1988.292  -0.053   0.037 
1988.375  -0.036   0.040 
1988.458  -0.039   0.043 
1988.542  -0.126   0.044 
1988.625  -0.076   0.043 
1988.708  -0.057   0.040 
1988.792  -0.093   0.037 
1988.875  -0.268   0.033 
1988.958  -0.136   0.029 
1989.042  -0.408   0.028 
1989.125  -0.157   0.028 
1989.208  -0.195   0.031 
1989.292  -0.200   0.034 
1989.375  -0.260   0.037 
1989.458  -0.297   0.039 
1989.542  -0.139   0.039 
1989.625  -0.152   0.038 
1989.708  -0.121   0.036 
1989.792  -0.091   0.033 
1989.875  -0.222   0.030 
1989.958  -0.010   0.027 
1990.042  -0.033   0.026 
1990.125  -0.080   0.027 
1990.208   0.220   0.029 
1990.292   0.095   0.032 
1990.375   0.053   0.034 
1990.458  -0.054   0.035 
1990.542   0.001   0.036 
1990.625  -0.116   0.035 
1990.708  -0.185   0.033 
1990.792   0.025   0.030 
1990.875   0.011   0.027 
1990.958  -0.037   0.025 
1991.042  -0.027   0.025 
1991.125   0.018   0.026 
1991.208  -0.122   0.028 
1991.292   0.071   0.030 
1991.375   0.002   0.032 
1991.458   0.073   0.033 
1991.542   0.077   0.033 
1991.625  -0.014   0.032 
1991.708  -0.037   0.030 
1991.792  -0.098   0.028 
1991.875  -0.064   0.026 
1991.958  -0.097   0.024 
1992.042   0.012   0.024 
1992.125  -0.030   0.026 
1992.208  -0.054   0.027 
1992.292  -0.203   0.030 
1992.375  -0.073   0.031 
1992.458  -0.151   0.032 
1992.542  -0.302   0.032 
1992.625  -0.337   0.030 
1992.708  -0.409   0.029 
1992.792  -0.308   0.027 
1992.875  -0.366   0.025 
1992.958  -0.205   0.024 
1993.042  -0.038   0.024 
1993.125  -0.100   0.026 
1993.208  -0.143   0.028 
1993.292  -0.190   0.030 
1993.375  -0.162   0.031 
1993.458  -0.116   0.032 
1993.542  -0.187   0.031 
1993.625  -0.261   0.030 
1993.708  -0.231   0.028 
1993.792  -0.155   0.026 
1993.875  -0.297   0.024 
1993.958  -0.218   0.024 
1994.042  -0.201   0.024 
1994.125  -0.432   0.026 
1994.208  -0.178   0.028 
1994.292  -0.049   0.030 
1994.375  -0.062   0.031 
1994.458   0.008   0.032 
1994.542  -0.088   0.032 
1994.625  -0.197   0.030 
1994.708  -0.063   0.028 
1994.792   0.037   0.026 
1994.875   0.039   0.025 
1994.958  -0.095   0.024 
1995.042   0.034   0.025 
1995.125   0.249   0.026 
1995.208  -0.026   0.029 
1995.292   0.037   0.031 
1995.375  -0.088   0.032 
1995.458   0.052   0.033 
1995.542   0.125   0.032 
1995.625   0.102   0.031 
1995.708  -0.041   0.029 
1995.792   0.081   0.027 
1995.875   0.057   0.025 
1995.958  -0.148   0.024 
1996.042  -0.167   0.025 
1996.125   0.041   0.027 
1996.208  -0.120   0.029 
1996.292  -0.083   0.031 
1996.375  -0.102   0.033 
1996.458  -0.167   0.033 
1996.542  -0.040   0.033 
1996.625   0.052   0.031 
1996.708  -0.082   0.029 
1996.792  -0.160   0.027 
1996.875  -0.012   0.025 
1996.958   0.005   0.025 
1997.042  -0.147   0.025 
1997.125  -0.114   0.027 
1997.208   0.035   0.030 
1997.292  -0.042   0.032 
1997.375  -0.027   0.033 
1997.458   0.173   0.034 
1997.542   0.022   0.034 
1997.625   0.070   0.032 
1997.708   0.142   0.030 
1997.792   0.257   0.027 
1997.875   0.281   0.026 
1997.958   0.205   0.025 
1998.042   0.115   0.026 
1998.125   0.349   0.028 
1998.208   0.163   0.030 
1998.292   0.299   0.033 
1998.375   0.345   0.034 
1998.458   0.367   0.035 
1998.542   0.384   0.034 
1998.625   0.336   0.033 
1998.708   0.082   0.030 
1998.792   0.081   0.028 
1998.875   0.051   0.026 
1998.958   0.185   0.025 
1999.042   0.026   0.026 
1999.125   0.208   0.029 
1999.208  -0.122   0.031 
1999.292  -0.020   0.034 
1999.375  -0.038   0.035 
1999.458   0.056   0.036 
1999.542   0.033   0.035 
1999.625  -0.017   0.033 
1999.708   0.104   0.031 
1999.792   0.012   0.029 
1999.875  -0.007   0.027 
1999.958   0.078   0.026 
2000.042  -0.151   0.027 
2000.125   0.094   0.029 
2000.208   0.069   0.032 
2000.292   0.183   0.034 
2000.375   0.032   0.036 
2000.458   0.074   0.037 
2000.542   0.039   0.036 
2000.625   0.093   0.035 
2000.708   0.094   0.032 
2000.792  -0.075   0.030 
2000.875  -0.044   0.027 
2000.958  -0.113   0.027 
2001.042   0.020   0.028 
2001.125   0.013   0.030 
2001.208   0.178   0.033 
2001.292   0.125   0.036 
2001.375   0.138   0.038 
2001.458   0.165   0.038 
2001.542   0.222   0.038 
2001.625   0.166   0.036 
2001.708   0.180   0.034 
2001.792   0.149   0.031 
2001.875   0.359   0.029 
2001.958   0.197   0.028 
2002.042   0.335   0.029 
2002.125   0.250   0.031 
2002.208   0.458   0.034 
2002.292   0.173   0.037 
2002.375   0.281   0.039 
2002.458   0.252   0.041 
2002.542   0.281   0.040 
2002.625   0.216   0.039 
2002.708   0.286   0.037 
2002.792   0.213   0.034 
2002.875   0.196   0.031 
2002.958   0.086   0.030 
2003.042   0.337   0.031 
2003.125   0.150   0.033 
2003.208   0.145   0.036 
2003.292   0.180   0.039 
2003.375   0.209   0.042 
2003.458   0.138   0.043 
2003.542   0.160   0.044 
2003.625   0.288   0.043 
2003.708   0.332   0.040 
2003.792   0.348   0.037 
2003.875   0.195   0.035 
2003.958   0.342   0.033 
2004.042   0.216   0.033 
2004.125   0.254   0.035 
2004.208   0.192   0.038 
2004.292   0.194   0.041 
2004.375   0.022   0.045 
2004.458   0.079   0.047 
2004.542  -0.026   0.047 
2004.625   0.101   0.047 
2004.708   0.180   0.045 
2004.792   0.204   0.041 
2004.875   0.283   0.038 
2004.958   0.066   0.036 
2005.042   0.293   0.035 
2005.125   0.147   0.037 
2005.208   0.287   0.040 
2005.292   0.312   0.044 
2005.375   0.299   0.048 
2005.458   0.319   0.050 
2005.542   0.288   0.051 
2005.625   0.310   0.051 
2005.708   0.357   0.049 
2005.792   0.391   0.046 
2005.875   0.367   0.042 
2005.958   0.294   0.039 
2006.042   0.133   0.038 
2006.125   0.272   0.039 
2006.208   0.172   0.042 
2006.292   0.105   0.046 
2006.375   0.145   0.050 
2006.458   0.253   0.054 
2006.542   0.155   0.055 
2006.625   0.327   0.055 
2006.708   0.224   0.053 
2006.792   0.302   0.050 
2006.875   0.313   0.046 
2006.958   0.359   0.042 
2007.042   0.502   0.040 
2007.125   0.289   0.041 
2007.208   0.218   0.044 
2007.292   0.362   0.049 
2007.375   0.229   0.053 
2007.458   0.180   0.057 
2007.542   0.191   0.059 
2007.625   0.169   0.059 
2007.708   0.127   0.057 
2007.792   0.168   0.054 
2007.875   0.169   0.049 
2007.958   0.069   0.045 
2008.042  -0.213   0.043 
2008.125  -0.129   0.043 
2008.208   0.228   0.046 
2008.292   0.101   0.050 
2008.375   0.101   0.055 
2008.458   0.037   0.059 
2008.542   0.190   0.062 
2008.625   0.080   0.062 
2008.708   0.156   0.061 
2008.792   0.187   0.057 
2008.875   0.243   0.053 
2008.958   0.120   0.048 
2009.042   0.231   0.045 
2009.125   0.117   0.045 
2009.208   0.058   0.047 
2009.292   0.175   0.052 
2009.375   0.205   0.057 
2009.458   0.274   0.062 
2009.542   0.313   0.065 
2009.625   0.248   0.065 
2009.708   0.230   0.064 
2009.792   0.233   0.060 
2009.875   0.308   0.055 
2009.958   0.258   0.050 
2010.042   0.301   0.047 
2010.125   0.373   0.046 
2010.208   0.425   0.048 
2010.292   0.451   0.053 
2010.375   0.309   0.058 
2010.458   0.260   0.063 
2010.542   0.216   0.067 
2010.625   0.187   0.068 
2010.708   0.179   0.066 
2010.792   0.236   0.063 
2010.875   0.359   0.058 
2010.958   0.090   0.053 
2011.042   0.066   0.049 
2011.125   0.059   0.047 
2011.208   0.151   0.049 
2011.292   0.216   0.054 
2011.375   0.111   0.059 
2011.458   0.188   0.065 
2011.542   0.302   0.068 
2011.625   0.280   0.069 
2011.708   0.163   0.068 
2011.792   0.178   0.065 
2011.875   0.115   0.060 
2011.958   0.092   0.054 
2012.042  -0.024   0.050 
2012.125   0.002   0.048 
2012.208   0.021   0.050 
2012.292   0.275   0.054 
2012.375   0.330   0.060 
2012.458   0.236   0.065 
2012.542   0.104   0.069 
2012.625   0.174   0.071 
2012.708   0.224   0.070 
2012.792   0.329   0.067 
2012.875   0.361   0.062 
2012.958   0.093   0.056 
2013.042   0.186   0.051 
2013.125   0.099   0.049 
2013.208   0.138   0.050 
2013.292   0.165   0.054 
2013.375   0.191   0.060 
2013.458   0.220   0.066 
2013.542   0.158   0.070 
2013.625   0.206   0.072 
2013.708   0.330   0.071 
2013.792   0.219   0.068 
2013.875   0.388   0.063 
2013.958   0.216   0.057 
2014.042   0.300   0.052 
2014.125   0.050   0.049 
2014.208   0.270   0.050 
2014.292   0.323   0.054 
2014.375   0.370   0.060 
2014.458   0.225   0.066 
2014.542   0.147   0.070 
2014.625   0.350   0.072 
2014.708   0.374   0.072 
2014.792   0.337   0.069 
2014.875   0.245   0.064 
2014.958   0.322   0.058 
2015.042   0.334   0.053 
2015.125   0.374   0.050 
2015.208   0.399   0.050 
2015.292   0.342   0.053 
2015.375   0.376   0.059 
2015.458   0.358   0.065 
2015.542   0.336   0.070 
2015.625   0.384   0.072 
2015.708   0.407   0.072 
2015.792   0.577   0.069 
2015.875   0.567   0.065 
2015.958   0.677   0.059 
2016.042   0.672   0.053 
2016.125   0.761   0.050 
2016.208   0.803   0.049 
2016.292   0.669   0.053 
2016.375   0.520   0.058 
2016.458   0.390   0.064 
2016.542   0.483   0.069 
2016.625   0.580   0.072 
2016.708   0.451   0.072 
2016.792   0.430   0.069 
2016.875   0.490   0.065 
2016.958   0.441   0.059 
2017.042   0.516   0.054 
2017.125   0.605   0.050 
