    1979  -0.240   0.043
    1980  -0.156   0.041
    1981  -0.129   0.039
    1982  -0.301   0.038
    1983  -0.118   0.037
    1984  -0.297   0.036
    1985  -0.335   0.035
    1986  -0.270   0.034
    1987  -0.149   0.034
    1988  -0.086   0.033
    1989  -0.188   0.032
    1990  -0.008   0.025
    1991  -0.018   0.025
    1992  -0.202   0.025
    1993  -0.175   0.019
    1994  -0.107   0.017
    1995   0.036   0.017
    1996  -0.070   0.018
    1997   0.071   0.019
    1998   0.230   0.019
    1999   0.026   0.020
    2000   0.025   0.023
    2001   0.159   0.028
    2002   0.252   0.032
    2003   0.235   0.034
    2004   0.147   0.035
    2005   0.305   0.036
    2006   0.230   0.037
    2007   0.223   0.039
    2008   0.092   0.039
    2009   0.221   0.040
    2010   0.282   0.041
    2011   0.160   0.042
    2012   0.177   0.044
    2013   0.210   0.045
    2014   0.276   0.047
    2015   0.428   0.048
    2016   0.557   0.049
