1850.04166667 -0.80169536187
1850.125 -0.385029149009
1850.20833333 -0.801459849276
1850.29166667 -0.491645918447
1850.375 -0.319014589971
1850.45833333 -0.279013146711
1850.54166667 -0.163345594785
1850.625 -0.271930615374
1850.70833333 -0.509197168309
1850.79166667 -0.552835061302
1850.875 -0.264045130827
1850.95833333 -0.279284483453
1851.04166667 -0.183111502186
1851.125 -0.360514916676
1851.20833333 -0.501593995846
1851.29166667 -0.430323467479
1851.375 -0.336205575895
1851.45833333 -0.183358513272
1851.54166667 -0.23200719205
1851.625 -0.154522445046
1851.70833333 -0.0028083250952
1851.79166667 -0.0249485113179
1851.875 0.0516475460534
1851.95833333 -0.0857528317153
1852.04166667 -0.418753810589
1852.125 -0.482418592028
1852.20833333 -0.453360648365
1852.29166667 -0.559399856947
1852.375 -0.203322612095
1852.45833333 -0.0871308450313
1852.54166667 -0.0629267958204
1852.625 -0.186096785003
1852.70833333 -0.128696762534
1852.79166667 -0.290319770258
1852.875 -0.329715323334
1852.95833333 -0.00875504724158
1853.04166667 -0.187018561814
1853.125 -0.343643197061
1853.20833333 -0.432552992441
1853.29166667 -0.374932619076
1853.375 -0.289286336841
1853.45833333 -0.173994150463
1853.54166667 -0.030259709696
1853.625 -0.128928032346
1853.70833333 -0.368920980157
1853.79166667 -0.314760787083
1853.875 -0.257399682622
1853.95833333 -0.369966254212
1854.04166667 -0.348570377799
1854.125 -0.33695119614
1854.20833333 -0.233369696092
1854.29166667 -0.433366831062
1854.375 -0.261318806885
1854.45833333 -0.224036353135
1854.54166667 -0.207779879677
1854.625 -0.148334994907
1854.70833333 -0.0928619398105
1854.79166667 -0.172036325875
1854.875 -0.360594611231
1854.95833333 -0.23136863894
1855.04166667 -0.199039889232
1855.125 -0.584032944201
1855.20833333 -0.396438658739
1855.29166667 -0.245599985895
1855.375 -0.321035312397
1855.45833333 -0.130008682298
1855.54166667 -0.248358404344
1855.625 -0.106025818058
1855.70833333 -0.336587618021
1855.79166667 -0.248467565428
1855.875 -0.25364345539
1855.95833333 -0.586444143863
1856.04166667 -0.0627116858063
1856.125 -0.312644129267
1856.20833333 -0.508898133017
1856.29166667 -0.417936839765
1856.375 -0.243742727756
1856.45833333 -0.396295359732
1856.54166667 -0.291143601641
1856.625 -0.366091679072
1856.70833333 -0.454962286747
1856.79166667 -0.312470481807
1856.875 -0.747999540162
1856.95833333 -0.535124039283
1857.04166667 -0.584420454111
1857.125 -0.443780857296
1857.20833333 -0.459001751553
1857.29166667 -0.66375313974
1857.375 -0.570201864541
1857.45833333 -0.322067988302
1857.54166667 -0.495060414867
1857.625 -0.258978053054
1857.70833333 -0.377447689277
1857.79166667 -0.479860967142
1857.875 -0.695331093035
1857.95833333 -0.350365305479
1858.04166667 -0.468364342078
1858.125 -0.606514063198
1858.20833333 -0.521756156354
1858.29166667 -0.499434115195
1858.375 -0.5957754045
1858.45833333 -0.522062190844
1858.54166667 -0.191842020894
1858.625 -0.250003650775
1858.70833333 -0.248522348675
1858.79166667 -0.159706153677
1858.875 -0.726064476527
1858.95833333 -0.369811097163
1859.04166667 -0.274107511568
1859.125 -0.177672811841
1859.20833333 -0.38722322096
1859.29166667 -0.255789378055
1859.375 -0.248679115383
1859.45833333 -0.124860598913
1859.54166667 -0.290239179567
1859.625 -0.12616496348
1859.70833333 -0.637293533453
1859.79166667 -0.31116282805
1859.875 -0.323971257552
1859.95833333 -0.404855619811
1860.04166667 -0.317578320623
1860.125 -0.524004356033
1860.20833333 -0.682504616523
1860.29166667 -0.379049976633
1860.375 -0.370689919861
1860.45833333 -0.3091503394
1860.54166667 -0.0623933329221
1860.625 -0.19000477166
1860.70833333 -0.212411023258
1860.79166667 -0.164167302138
1860.875 -0.511188175416
1860.95833333 -0.936047857008
1861.04166667 -0.831752491384
1861.125 -0.624671436323
1861.20833333 -0.483848194905
1861.29166667 -0.397827638342
1861.375 -0.635579239614
1861.45833333 -0.18830284373
1861.54166667 -0.0950955082506
1861.625 -0.129753696903
1861.70833333 -0.312018017254
1861.79166667 -0.271537016618
1861.875 -0.460129926174
1861.95833333 -0.219712487875
1862.04166667 -0.832969481817
1862.125 -0.630044015615
1862.20833333 -0.574208357022
1862.29166667 -0.27704668968
1862.375 -0.323467004843
1862.45833333 -0.489963682813
1862.54166667 -0.391015563772
1862.625 -0.667612539709
1862.70833333 -0.362968253221
1862.79166667 -0.32659497974
1862.875 -0.711882727841
1862.95833333 -0.965812365026
1863.04166667 -0.0715051791224
1863.125 -0.0910778820297
1863.20833333 -0.409849058975
1863.29166667 -0.338301925722
1863.375 -0.380191106676
1863.45833333 -0.372193037533
1863.54166667 -0.527919888169
1863.625 -0.50976697191
1863.70833333 -0.252793608533
1863.79166667 -0.359272831832
1863.875 -0.483108789626
1863.95833333 -0.350112085443
1864.04166667 -0.928734446944
1864.125 -0.705872833981
1864.20833333 -0.603215776899
1864.29166667 -0.541527272753
1864.375 -0.532224579405
1864.45833333 -0.142380636471
1864.54166667 -0.176086221991
1864.625 -0.40164293505
1864.70833333 -0.411102455219
1864.79166667 -0.707242666602
1864.875 -0.53457778365
1864.95833333 -0.525532929051
1865.04166667 -0.233114220049
1865.125 -0.567735495789
1865.20833333 -0.583113525552
1865.29166667 -0.254463379304
1865.375 -0.316203215561
1865.45833333 -0.243522106194
1865.54166667 -0.130702840847
1865.625 -0.311280157138
1865.70833333 -0.107989996948
1865.79166667 -0.368039874196
1865.875 -0.0955790158829
1865.95833333 -0.161726281868
1866.04166667 0.0487263009948
1866.125 -0.319651675689
1866.20833333 -0.690553501389
1866.29166667 -0.380048577726
1866.375 -0.535092557289
1866.45833333 0.108050574941
1866.54166667 -0.106464875957
1866.625 -0.173937664706
1866.70833333 -0.19071819006
1866.79166667 -0.360466940598
1866.875 -0.31376689441
1866.95833333 -0.580921607807
1867.04166667 -0.436464441484
1867.125 -0.0883794498722
1867.20833333 -0.530378460632
1867.29166667 -0.311666969238
1867.375 -0.475453544627
1867.45833333 -0.311429800094
1867.54166667 -0.236086557332
1867.625 -0.22729483111
1867.70833333 -0.154801871377
1867.79166667 -0.212324539973
1867.875 -0.34141360263
1867.95833333 -0.634285173161
1868.04166667 -0.59963882303
1868.125 -0.458941970596
1868.20833333 -0.0123049935776
1868.29166667 -0.245785057308
1868.375 -0.0896464411772
1868.45833333 -0.194071658462
1868.54166667 0.087739058268
1868.625 -0.0270551089732
1868.70833333 -0.108324396893
1868.79166667 -0.248115419006
1868.875 -0.313250084907
1868.95833333 -0.0984581608488
1869.04166667 -0.188877004508
1869.125 0.220384976587
1869.20833333 -0.535966411797
1869.29166667 -0.210224280983
1869.375 -0.271783627367
1869.45833333 -0.31869476029
1869.54166667 -0.205903801128
1869.625 -0.0709698482444
1869.70833333 -0.204860397572
1869.79166667 -0.33090961839
1869.875 -0.291348360386
1869.95833333 -0.342430813812
1870.04166667 -0.0469620616327
1870.125 -0.564043411638
1870.20833333 -0.433155398349
1870.29166667 -0.146348298848
1870.375 -0.263702163972
1870.45833333 -0.196490829139
1870.54166667 -0.0126078045682
1870.625 -0.214170711827
1870.70833333 -0.258335587703
1870.79166667 -0.417239431182
1870.875 -0.297406127594
1870.95833333 -0.769232393739
1871.04166667 -0.494970421178
1871.125 -0.569899256284
1871.20833333 -0.0359660100485
1871.29166667 -0.183896301405
1871.375 -0.307446192808
1871.45833333 -0.208934748439
1871.54166667 -0.00652484353271
1871.625 -0.234535269585
1871.70833333 -0.428454260404
1871.79166667 -0.480917779292
1871.875 -0.481763906227
1871.95833333 -0.51015914298
1872.04166667 -0.292791801861
1872.125 -0.341559773459
1872.20833333 -0.449752161112
1872.29166667 -0.17987704122
1872.375 -0.0835890943394
1872.45833333 -0.187444044342
1872.54166667 -0.0946068142858
1872.625 -0.0288821520198
1872.70833333 -0.193814665009
1872.79166667 -0.230507988747
1872.875 -0.260175837721
1872.95833333 -0.474875491855
1873.04166667 -0.0590984617609
1873.125 -0.349718956106
1873.20833333 -0.352917710974
1873.29166667 -0.526804668844
1873.375 -0.451112208287
1873.45833333 -0.333787363557
1873.54166667 -0.179144110876
1873.625 -0.185132972431
1873.70833333 -0.319128095011
1873.79166667 -0.490005323315
1873.875 -0.438766675219
1873.95833333 -0.237908089952
1874.04166667 -0.0101672774582
1874.125 -0.402977631819
1874.20833333 -0.515153605404
1874.29166667 -0.507003236358
1874.375 -0.482053967245
1874.45833333 -0.540965311876
1874.54166667 -0.254176456028
1874.625 -0.387794726532
1874.70833333 -0.302039302749
1874.79166667 -0.444904727593
1874.875 -0.524500146288
1874.95833333 -0.439826097174
1875.04166667 -0.583211166906
1875.125 -0.421933421795
1875.20833333 -0.577764209107
1875.29166667 -0.475898370808
1875.375 -0.209834565987
1875.45833333 -0.284438844542
1875.54166667 -0.312743042216
1875.625 -0.283549908679
1875.70833333 -0.20096715922
1875.79166667 -0.29394839329
1875.875 -0.359162273954
1875.95833333 -0.442369128865
1876.04166667 -0.288043186821
1876.125 -0.259676525017
1876.20833333 -0.344748459418
1876.29166667 -0.323312431438
1876.375 -0.582702919936
1876.45833333 -0.282062290989
1876.54166667 -0.134717228363
1876.625 -0.306165749807
1876.70833333 -0.398397030754
1876.79166667 -0.373815639303
1876.875 -0.498529445367
1876.95833333 -0.65458698387
1877.04166667 -0.260703541816
1877.125 -0.0680234250053
1877.20833333 -0.326769525038
1877.29166667 -0.322211883487
1877.375 -0.420545076959
1877.45833333 -0.0478624309878
1877.54166667 0.030829696143
1877.625 0.189920115505
1877.70833333 0.0756673204474
1877.79166667 0.104421265334
1877.875 0.24038467382
1877.95833333 0.183337002127
1878.04166667 0.302624412173
1878.125 0.511419379586
1878.20833333 0.351990151414
1878.29166667 0.362215856801
1878.375 0.0659361564525
1878.45833333 0.14086392833
1878.54166667 -0.000950176554358
1878.625 0.0535825538357
1878.70833333 0.0747463951917
1878.79166667 -0.00193745220603
1878.875 -0.0945911231218
1878.95833333 -0.279726648104
1879.04166667 -0.120202924228
1879.125 -0.200499298865
1879.20833333 -0.134409395034
1879.29166667 -0.227057625461
1879.375 -0.194930610611
1879.45833333 -0.290126168444
1879.54166667 -0.290177323387
1879.625 -0.13730551223
1879.70833333 -0.217501771607
1879.79166667 -0.164531005059
1879.875 -0.371789805791
1879.95833333 -0.465267951955
1880.04166667 -0.0836398022819
1880.125 -0.154483646061
1880.20833333 -0.0214976845298
1880.29166667 -0.123463486475
1880.375 -0.250398210958
1880.45833333 -0.340140397323
1880.54166667 -0.254602421587
1880.625 -0.0604676133154
1880.70833333 -0.215515127261
1880.79166667 -0.460560018245
1880.875 -0.368763319706
1880.95833333 -0.341447966995
1881.04166667 -0.42612328057
1881.125 -0.335556364619
1881.20833333 -0.270399704546
1881.29166667 -0.131941194656
1881.375 -0.0725862931945
1881.45833333 -0.275408672671
1881.54166667 -0.182161568312
1881.625 -0.148036839453
1881.70833333 -0.276144604
1881.79166667 -0.298581116184
1881.875 -0.273701397575
1881.95833333 -0.0321496400001
1882.04166667 0.207666152626
1882.125 0.0410458620378
1882.20833333 -0.0743354722809
1882.29166667 -0.315021277749
1882.375 -0.330897682725
1882.45833333 -0.349309719779
1882.54166667 -0.213310398204
1882.625 -0.188261773626
1882.70833333 -0.113523264672
1882.79166667 -0.323277793064
1882.875 -0.363818156515
1882.95833333 -0.578383190219
1883.04166667 -0.395108568259
1883.125 -0.248782409173
1883.20833333 -0.375652393801
1883.29166667 -0.383679227942
1883.375 -0.234051499395
1883.45833333 -0.139286759497
1883.54166667 -0.238541215958
1883.625 -0.195349100857
1883.70833333 -0.209348598537
1883.79166667 -0.369183050203
1883.875 -0.232975987269
1883.95833333 -0.250438928036
1884.04166667 -0.364538144408
1884.125 -0.14209925937
1884.20833333 -0.448690114946
1884.29166667 -0.615003213596
1884.375 -0.450043247056
1884.45833333 -0.399725744994
1884.54166667 -0.440709942059
1884.625 -0.39518599828
1884.70833333 -0.27615372727
1884.79166667 -0.257925563688
1884.875 -0.489615288825
1884.95833333 -0.402233171381
1885.04166667 -0.512384088715
1885.125 -0.293018354065
1885.20833333 -0.433705219521
1885.29166667 -0.458464253247
1885.375 -0.522843466071
1885.45833333 -0.534472241872
1885.54166667 -0.286583599942
1885.625 -0.510198157608
1885.70833333 -0.307786837123
1885.79166667 -0.281715651023
1885.875 -0.339165588468
1885.95833333 -0.177316114585
1886.04166667 -0.438284471808
1886.125 -0.442500371792
1886.20833333 -0.388508173441
1886.29166667 -0.375209544179
1886.375 -0.238654539876
1886.45833333 -0.451245458522
1886.54166667 -0.294184840591
1886.625 -0.364370588721
1886.70833333 -0.420244752759
1886.79166667 -0.319314481629
1886.875 -0.36105839017
1886.95833333 -0.43820362679
1887.04166667 -0.524488411065
1887.125 -0.471580298685
1887.20833333 -0.491798565319
1887.29166667 -0.450157944761
1887.375 -0.355177565418
1887.45833333 -0.414548948058
1887.54166667 -0.23277036654
1887.625 -0.397547105167
1887.70833333 -0.293044522124
1887.79166667 -0.521253802948
1887.875 -0.418634891626
1887.95833333 -0.503782630469
1888.04166667 -0.560794270123
1888.125 -0.528107314508
1888.20833333 -0.674728747404
1888.29166667 -0.321760818705
1888.375 -0.411889278294
1888.45833333 -0.349282197005
1888.54166667 -0.286355506237
1888.625 -0.236973510647
1888.70833333 -0.218279191596
1888.79166667 -0.10621987996
1888.875 -0.158951945089
1888.95833333 -0.218384372024
1889.04166667 -0.0448614126656
1889.125 -0.0599712096661
1889.20833333 -0.143346254957
1889.29166667 0.0644937460778
1889.375 -0.0448826857956
1889.45833333 -0.151039574444
1889.54166667 -0.185022136185
1889.625 -0.233866193867
1889.70833333 -0.376492807016
1889.79166667 -0.246034987227
1889.875 -0.346889719067
1889.95833333 -0.194237539893
1890.04166667 -0.311995592037
1890.125 -0.291812700775
1890.20833333 -0.501737913526
1890.29166667 -0.405258410534
1890.375 -0.472426864304
1890.45833333 -0.410440703013
1890.54166667 -0.383318348181
1890.625 -0.438208534651
1890.70833333 -0.504943606784
1890.79166667 -0.512146129847
1890.875 -0.667432061434
1890.95833333 -0.349164718584
1891.04166667 -0.466389604532
1891.125 -0.359312558653
1891.20833333 -0.344408522962
1891.29166667 -0.418924571333
1891.375 -0.238916977723
1891.45833333 -0.354835702026
1891.54166667 -0.34677001619
1891.625 -0.338309642916
1891.70833333 -0.283385910291
1891.79166667 -0.315190544742
1891.875 -0.568604275433
1891.95833333 -0.202240515989
1892.04166667 -0.486081650894
1892.125 -0.189769142176
1892.20833333 -0.50731544221
1892.29166667 -0.569797165181
1892.375 -0.445609682536
1892.45833333 -0.516364605811
1892.54166667 -0.576129867518
1892.625 -0.47942886445
1892.70833333 -0.338479113881
1892.79166667 -0.522916394164
1892.875 -0.6394161793
1892.95833333 -0.867264166529
1893.04166667 -1.0638390417
1893.125 -0.860454947589
1893.20833333 -0.460704270946
1893.29166667 -0.583130740729
1893.375 -0.573593189252
1893.45833333 -0.508434852186
1893.54166667 -0.330272387259
1893.625 -0.307299886763
1893.70833333 -0.431584182036
1893.79166667 -0.256454448396
1893.875 -0.423197744845
1893.95833333 -0.403968810302
1894.04166667 -0.434755477342
1894.125 -0.355850885321
1894.20833333 -0.391426167552
1894.29166667 -0.40968614668
1894.375 -0.463506011411
1894.45833333 -0.490868211235
1894.54166667 -0.365600743142
1894.625 -0.337679822344
1894.70833333 -0.55353849596
1894.79166667 -0.458828024677
1894.875 -0.40386319042
1894.95833333 -0.424703117981
1895.04166667 -0.489534156306
1895.125 -0.696804294666
1895.20833333 -0.510985939332
1895.29166667 -0.458235706035
1895.375 -0.408833750176
1895.45833333 -0.349416814815
1895.54166667 -0.385460524882
1895.625 -0.273993308143
1895.70833333 -0.241070381365
1895.79166667 -0.279467615605
1895.875 -0.209961240933
1895.95833333 -0.263721031339
1896.04166667 -0.249837270756
1896.125 -0.206793785937
1896.20833333 -0.322792653475
1896.29166667 -0.3044559084
1896.375 -0.213353005293
1896.45833333 -0.115921695874
1896.54166667 -0.073123732864
1896.625 -0.0832781248548
1896.70833333 -0.0981455267692
1896.79166667 -0.066314530426
1896.875 -0.272150374606
1896.95833333 -0.010878202474
1897.04166667 -0.158539970636
1897.125 -0.164367324657
1897.20833333 -0.222785818179
1897.29166667 -0.00843552185829
1897.375 0.0785373446852
1897.45833333 -0.117377163905
1897.54166667 -0.131407739227
1897.625 -0.119948319737
1897.70833333 -0.0920569283311
1897.79166667 -0.203892738392
1897.875 -0.351781280144
1897.95833333 -0.438866957443
1898.04166667 0.0519056185786
1898.125 -0.479111327807
1898.20833333 -0.792084083235
1898.29166667 -0.532257253532
1898.375 -0.44455388059
1898.45833333 -0.309147858546
1898.54166667 -0.296247403033
1898.625 -0.311184171446
1898.70833333 -0.287133427123
1898.79166667 -0.516672192683
1898.875 -0.420394105728
1898.95833333 -0.446437782207
1899.04166667 -0.224387262757
1899.125 -0.472501360824
1899.20833333 -0.647936396185
1899.29166667 -0.433020145645
1899.375 -0.348214328613
1899.45833333 -0.414993921444
1899.54166667 -0.230794560121
1899.625 -0.143028507944
1899.70833333 -0.0638649906365
1899.79166667 -0.154664425276
1899.875 0.098627972792
1899.95833333 -0.340000168
1900.04166667 -0.135708358415
1900.125 -0.225182059479
1900.20833333 -0.246633100359
1900.29166667 -0.197834616883
1900.375 -0.248018491595
1900.45833333 -0.117941039355
1900.54166667 -0.189333709728
1900.625 -0.135067758655
1900.70833333 -0.188181753409
1900.79166667 -0.0226249462643
1900.875 -0.179344318809
1900.95833333 -0.141227226379
1901.04166667 0.00560569744941
1901.125 -0.291431904608
1901.20833333 -0.213351058109
1901.29166667 -0.151313195096
1901.375 -0.205106816618
1901.45833333 -0.132729505917
1901.54166667 -0.192601369589
1901.625 -0.185311650602
1901.70833333 -0.317436929384
1901.79166667 -0.242710738503
1901.875 -0.467002309924
1901.95833333 -0.501347052512
1902.04166667 -0.32382075546
1902.125 -0.390007038138
1902.20833333 -0.503367705305
1902.29166667 -0.436195024218
1902.375 -0.406092343965
1902.45833333 -0.459956642827
1902.54166667 -0.332607261245
1902.625 -0.342312032148
1902.70833333 -0.386184639627
1902.79166667 -0.532706992298
1902.875 -0.60618282647
1902.95833333 -0.504218556961
1903.04166667 -0.209818655394
1903.125 -0.193182928365
1903.20833333 -0.300195396244
1903.29166667 -0.439911763168
1903.375 -0.458712311812
1903.45833333 -0.539882948483
1903.54166667 -0.43614457395
1903.625 -0.519124441245
1903.70833333 -0.606304748436
1903.79166667 -0.630930819157
1903.875 -0.560279108805
1903.95833333 -0.511938379029
1904.04166667 -0.513543169086
1904.125 -0.600972201924
1904.20833333 -0.565287774375
1904.29166667 -0.518825100333
1904.375 -0.679683489943
1904.45833333 -0.486771183623
1904.54166667 -0.568627791509
1904.625 -0.461051176009
1904.70833333 -0.472259766918
1904.79166667 -0.433789575385
1904.875 -0.430563331676
1904.95833333 -0.51486485221
1905.04166667 -0.44940254249
1905.125 -0.658643768759
1905.20833333 -0.350910366654
1905.29166667 -0.518061695007
1905.375 -0.336236003445
1905.45833333 -0.27146538616
1905.54166667 -0.406172434603
1905.625 -0.229998877658
1905.70833333 -0.282379236249
1905.79166667 -0.335017776969
1905.875 -0.253321892562
1905.95833333 -0.155950975148
1906.04166667 -0.045852202642
1906.125 -0.18833771519
1906.20833333 -0.329000486164
1906.29166667 -0.0827448332865
1906.375 -0.373196720807
1906.45833333 -0.333678100359
1906.54166667 -0.352621801457
1906.625 -0.286660418352
1906.70833333 -0.400681063587
1906.79166667 -0.394746745348
1906.875 -0.385826639412
1906.95833333 -0.318237871181
1907.04166667 -0.508497194425
1907.125 -0.440299501885
1907.20833333 -0.271154726374
1907.29166667 -0.418625027003
1907.375 -0.53975675647
1907.45833333 -0.540304096756
1907.54166667 -0.4588427888
1907.625 -0.591802005371
1907.70833333 -0.444343420869
1907.79166667 -0.266363901146
1907.875 -0.460894663677
1907.95833333 -0.577693500903
1908.04166667 -0.472762132589
1908.125 -0.415334671819
1908.20833333 -0.59930635498
1908.29166667 -0.514899689273
1908.375 -0.42333524001
1908.45833333 -0.413435797871
1908.54166667 -0.494637596614
1908.625 -0.437095114478
1908.70833333 -0.432940172651
1908.79166667 -0.548930533409
1908.875 -0.673357034171
1908.95833333 -0.560818293737
1909.04166667 -0.472336358166
1909.125 -0.49981046975
1909.20833333 -0.800386769176
1909.29166667 -0.61045568201
1909.375 -0.640146446175
1909.45833333 -0.498956329662
1909.54166667 -0.571321041335
1909.625 -0.313836763842
1909.70833333 -0.39133014783
1909.79166667 -0.4423621803
1909.875 -0.504427044093
1909.95833333 -0.613328388869
1910.04166667 -0.360025188149
1910.125 -0.393565568891
1910.20833333 -0.429905900518
1910.29166667 -0.481576292357
1910.375 -0.382623316631
1910.45833333 -0.438035178331
1910.54166667 -0.423255020672
1910.625 -0.439624880206
1910.70833333 -0.4142054879
1910.79166667 -0.517958320314
1910.875 -0.757065905207
1910.95833333 -0.681707669746
1911.04166667 -0.48377916293
1911.125 -0.816016159834
1911.20833333 -0.65959256729
1911.29166667 -0.730042621491
1911.375 -0.574289905175
1911.45833333 -0.519142540903
1911.54166667 -0.492225705722
1911.625 -0.456216497518
1911.70833333 -0.436576507958
1911.79166667 -0.466454897191
1911.875 -0.374312249235
1911.95833333 -0.26871022036
1912.04166667 -0.415131520787
1912.125 -0.477474608679
1912.20833333 -0.471120519021
1912.29166667 -0.501767369145
1912.375 -0.507317148567
1912.45833333 -0.363422270428
1912.54166667 -0.465719699173
1912.625 -0.626343543279
1912.70833333 -0.559563476091
1912.79166667 -0.718693326497
1912.875 -0.516000913654
1912.95833333 -0.462077464696
1913.04166667 -0.475853480932
1913.125 -0.511801895156
1913.20833333 -0.52396398781
1913.29166667 -0.431381178024
1913.375 -0.483473745434
1913.45833333 -0.642494389978
1913.54166667 -0.519313143519
1913.625 -0.355525312361
1913.70833333 -0.433123593392
1913.79166667 -0.519901825326
1913.875 -0.309155424264
1913.95833333 -0.193620770604
1914.04166667 -0.223141339441
1914.125 -0.290297390607
1914.20833333 -0.399408219149
1914.29166667 -0.34801357236
1914.375 -0.272994955922
1914.45833333 -0.305504731154
1914.54166667 -0.445099084946
1914.625 -0.140323082206
1914.70833333 -0.332317551626
1914.79166667 -0.180126465334
1914.875 -0.251236416428
1914.95833333 -0.203431851031
1915.04166667 -0.152373047013
1915.125 -0.145906062509
1915.20833333 -0.31362197715
1915.29166667 -0.0939496451257
1915.375 -0.369276022145
1915.45833333 -0.336409805273
1915.54166667 -0.198788226861
1915.625 -0.333645247615
1915.70833333 -0.181692824202
1915.79166667 -0.260646739771
1915.875 -0.260809104131
1915.95833333 -0.520905123155
1916.04166667 -0.306413737538
1916.125 -0.176618022017
1916.20833333 -0.487780372343
1916.29166667 -0.437373797649
1916.375 -0.528935891921
1916.45833333 -0.510734004096
1916.54166667 -0.397448576466
1916.625 -0.362583286193
1916.70833333 -0.451030438778
1916.79166667 -0.467474286123
1916.875 -0.594197901755
1916.95833333 -0.743675233152
1917.04166667 -0.751640527773
1917.125 -0.832921827386
1917.20833333 -0.92636142599
1917.29166667 -0.567392410121
1917.375 -0.565650037848
1917.45833333 -0.310783324965
1917.54166667 -0.0739472295392
1917.625 -0.22907605119
1917.70833333 -0.337653359648
1917.79166667 -0.366835204235
1917.875 -0.407303467447
1917.95833333 -0.717224953824
1918.04166667 -0.674041980552
1918.125 -0.448455308494
1918.20833333 -0.40942432372
1918.29166667 -0.51615686728
1918.375 -0.543807438507
1918.45833333 -0.364276103969
1918.54166667 -0.365945390143
1918.625 -0.56220024659
1918.70833333 -0.276653512603
1918.79166667 -0.0902446870933
1918.875 -0.11792641291
1918.95833333 -0.212903290861
1919.04166667 -0.0356454984831
1919.125 -0.224187846992
1919.20833333 -0.355760496773
1919.29166667 -0.23434844404
1919.375 -0.323946273266
1919.45833333 -0.252164853073
1919.54166667 -0.308656310696
1919.625 -0.194426274767
1919.70833333 -0.264393592136
1919.79166667 -0.312748018337
1919.875 -0.727461015971
1919.95833333 -0.487608120942
1920.04166667 -0.253539410173
1920.125 -0.476069038675
1920.20833333 -0.0854971838196
1920.29166667 -0.182335030998
1920.375 -0.196165253303
1920.45833333 -0.247348231353
1920.54166667 -0.291319487243
1920.625 -0.276760273696
1920.70833333 -0.268979563925
1920.79166667 -0.413096058616
1920.875 -0.256821547787
1920.95833333 -0.25107856342
1921.04166667 -0.228328452194
1921.125 -0.231560150848
1921.20833333 -0.237558002091
1921.29166667 -0.162978343655
1921.375 -0.375227882188
1921.45833333 -0.0794916486646
1921.54166667 -0.204450208938
1921.625 -0.396199086665
1921.70833333 -0.202491965735
1921.79166667 -0.187012200308
1921.875 -0.328985717092
1921.95833333 -0.165111103568
1922.04166667 -0.263418345178
1922.125 -0.278393770037
1922.20833333 -0.367980989158
1922.29166667 -0.277136442324
1922.375 -0.427645534665
1922.45833333 -0.319497748672
1922.54166667 -0.160772029686
1922.625 -0.339372145195
1922.70833333 -0.295088884918
1922.79166667 -0.32726047351
1922.875 -0.209414672393
1922.95833333 -0.291298561181
1923.04166667 -0.249021257382
1923.125 -0.38025104328
1923.20833333 -0.39241078092
1923.29166667 -0.353060540613
1923.375 -0.325848661608
1923.45833333 -0.278436772088
1923.54166667 -0.337547869402
1923.625 -0.39143062469
1923.70833333 -0.434634830357
1923.79166667 -0.228369658775
1923.875 0.0552369508993
1923.95833333 -0.0752566629816
1924.04166667 -0.305390999104
1924.125 -0.233018703539
1924.20833333 -0.313030592766
1924.29166667 -0.376324423974
1924.375 -0.264193561432
1924.45833333 -0.250839832967
1924.54166667 -0.373089046992
1924.625 -0.234088209234
1924.70833333 -0.259707032342
1924.79166667 -0.267998849749
1924.875 -0.300924662993
1924.95833333 -0.427250742762
1925.04166667 -0.288024647453
1925.125 -0.278548707119
1925.20833333 -0.299370495223
1925.29166667 -0.30676828744
1925.375 -0.28555579302
1925.45833333 -0.330369072186
1925.54166667 -0.203398301786
1925.625 -0.161209425956
1925.70833333 -0.347852295837
1925.79166667 -0.382644249388
1925.875 -0.105716928156
1925.95833333 -0.085258173018
1926.04166667 0.167876405268
1926.125 -0.0763622442576
1926.20833333 -0.0607174148783
1926.29166667 -0.184156081632
1926.375 -0.239529446083
1926.45833333 -0.227715563205
1926.54166667 -0.278231243655
1926.625 -0.0512225659623
1926.70833333 -0.12928983538
1926.79166667 -0.226304181899
1926.875 -0.112560920041
1926.95833333 -0.255389991498
1927.04166667 -0.295921121607
1927.125 -0.0817162697868
1927.20833333 -0.400995260701
1927.29166667 -0.371154823295
1927.375 -0.282503551787
1927.45833333 -0.243559432407
1927.54166667 -0.162189006092
1927.625 -0.15252462124
1927.70833333 -0.197326345036
1927.79166667 -0.113818231846
1927.875 -0.243643886169
1927.95833333 -0.449231473678
1928.04166667 0.0172296027124
1928.125 -0.0872964443115
1928.20833333 -0.34909542333
1928.29166667 -0.356271854403
1928.375 -0.473352626224
1928.45833333 -0.506258788102
1928.54166667 -0.218442264408
1928.625 -0.243418905744
1928.70833333 -0.287996227928
1928.79166667 -0.23924223038
1928.875 -0.215243282088
1928.95833333 -0.241294508826
1929.04166667 -0.509589638365
1929.125 -0.540078322341
1929.20833333 -0.571615108621
1929.29166667 -0.549258409406
1929.375 -0.411722010864
1929.45833333 -0.473801548486
1929.54166667 -0.442736282838
1929.625 -0.336967277785
1929.70833333 -0.0977415134317
1929.79166667 -0.184782567236
1929.875 -0.0641758284149
1929.95833333 -0.391680825385
1930.04166667 -0.175332658772
1930.125 -0.344023006933
1930.20833333 -0.291645638238
1930.29166667 -0.181634454701
1930.375 -0.211968622974
1930.45833333 -0.41426258178
1930.54166667 -0.415526875507
1930.625 -0.172083715683
1930.70833333 -0.14071566415
1930.79166667 -0.245467581994
1930.875 0.0330841779905
1930.95833333 -0.0190562606582
1931.04166667 -0.0631461737364
1931.125 -0.137452526702
1931.20833333 -0.224172302582
1931.29166667 -0.22717622549
1931.375 -0.182774064157
1931.45833333 -0.0380334002587
1931.54166667 0.088063942519
1931.625 0.0034165394135
1931.70833333 -0.189877926082
1931.79166667 -0.0815228964384
1931.875 -0.0376036773169
1931.95833333 -0.0524496760349
1932.04166667 0.0867503841478
1932.125 -0.205566755804
1932.20833333 -0.238852536424
1932.29166667 -0.0733106813363
1932.375 -0.138020001266
1932.45833333 -0.309271301665
1932.54166667 -0.27218073076
1932.625 -0.100549977102
1932.70833333 -0.0676251769783
1932.79166667 -0.172467488504
1932.875 -0.35865917383
1932.95833333 -0.211657630031
1933.04166667 -0.165363543136
1933.125 -0.275038267371
1933.20833333 -0.378534462297
1933.29166667 -0.228489962031
1933.375 -0.265568350179
1933.45833333 -0.392598916239
1933.54166667 -0.128015959827
1933.625 -0.254714822837
1933.70833333 -0.211641807298
1933.79166667 -0.294001736356
1933.875 -0.383969885287
1933.95833333 -0.556849460642
1934.04166667 -0.158280484989
1934.125 -0.0740859253514
1934.20833333 -0.393871710099
1934.29166667 -0.293689587627
1934.375 -0.113611155769
1934.45833333 -0.211446179232
1934.54166667 -0.0856625368623
1934.625 -0.0789343614911
1934.70833333 -0.0876507053237
1934.79166667 -0.00139031470249
1934.875 0.0614557494608
1934.95833333 -0.0757118944919
1935.04166667 -0.261474450299
1935.125 0.22786286262
1935.20833333 -0.237065917994
1935.29166667 -0.332072036046
1935.375 -0.182702067297
1935.45833333 -0.118530651066
1935.54166667 -0.310424627484
1935.625 -0.241980959347
1935.70833333 -0.30910022985
1935.79166667 -0.0862423346127
1935.875 -0.326351934815
1935.95833333 -0.216889337434
1936.04166667 -0.350245366379
1936.125 -0.389885581232
1936.20833333 -0.356742518849
1936.29166667 -0.13633203975
1936.375 -0.23343637896
1936.45833333 -0.221865179449
1936.54166667 0.0333278896354
1936.625 0.00712536785079
1936.70833333 -0.0630036900333
1936.79166667 0.0415010197055
1936.875 0.0360151488217
1936.95833333 0.0901935194925
1937.04166667 0.161747266913
1937.125 0.0820874272077
1937.20833333 -0.301534847685
1937.29166667 -0.0501050277883
1937.375 0.0347049192394
1937.45833333 0.00356424829959
1937.54166667 0.0848705700482
1937.625 0.00838737472556
1937.70833333 0.15283122735
1937.79166667 0.158337344784
1937.875 0.0486581580693
1937.95833333 -0.0220763300992
1938.04166667 0.143391493809
1938.125 0.133788570238
1938.20833333 0.144818256781
1938.29166667 0.0966940259012
1938.375 -0.174884719806
1938.45833333 -0.0625090894165
1938.54166667 -0.0808201196196
1938.625 -0.0367894150902
1938.70833333 0.0403637018551
1938.79166667 0.170119952525
1938.875 0.0949676277124
1938.95833333 -0.200701574104
1939.04166667 -0.0989978716177
1939.125 -0.00102476640899
1939.20833333 -0.241017069785
1939.29166667 -0.0919301318534
1939.375 -0.0477302906245
1939.45833333 -0.131782035153
1939.54166667 -0.0420496272004
1939.625 -0.228917863819
1939.70833333 -0.103014728919
1939.79166667 -0.198211268189
1939.875 -0.0787087083589
1939.95833333 0.187454064334
1940.04166667 0.0152877937268
1940.125 0.0280350652171
1940.20833333 -0.181130592454
1940.29166667 -0.0110882137565
1940.375 -0.0658265478566
1940.45833333 0.0838274634525
1940.54166667 0.17374846216
1940.625 0.131349379808
1940.70833333 0.179132308866
1940.79166667 -0.0304993704624
1940.875 -0.0881290092629
1940.95833333 0.102619125067
1941.04166667 -0.12168502098
1941.125 -0.0461975760659
1941.20833333 -0.203928833091
1941.29166667 -0.168034668849
1941.375 -0.0270233781221
1941.45833333 0.136420472041
1941.54166667 0.218465781481
1941.625 -0.0620053072963
1941.70833333 -0.246445690202
1941.79166667 0.171801422353
1941.875 -0.0564018816953
1941.95833333 0.0279485466429
1942.04166667 0.385542854915
1942.125 -0.00307310280929
1942.20833333 -0.235992424838
1942.29166667 -0.176475150631
1942.375 -0.064956732294
1942.45833333 0.0175061210914
1942.54166667 0.0397089323326
1942.625 -0.017477588653
1942.70833333 -0.10154403126
1942.79166667 -0.144212654381
1942.875 -0.0949271305453
1942.95833333 0.101319202391
1943.04166667 -0.196475280381
1943.125 0.205052270205
1943.20833333 -0.175349565075
1943.29166667 0.148390929198
1943.375 -0.0222318314463
1943.45833333 0.0628050160131
1943.54166667 0.125438621546
1943.625 0.080857045234
1943.70833333 0.0694459091646
1943.79166667 0.286955970656
1943.875 0.0907720544714
1943.95833333 0.239921099578
1944.04166667 0.384456672606
1944.125 0.218666024154
1944.20833333 0.277281669502
1944.29166667 0.121614645943
1944.375 0.0844108398299
1944.45833333 -0.131019041914
1944.54166667 0.095874694917
1944.625 0.0813963768905
1944.70833333 0.135184533794
1944.79166667 0.136929661963
1944.875 0.0492792146999
1944.95833333 0.0984073105765
1945.04166667 0.0885670252614
1945.125 0.074134107004
1945.20833333 -0.096512542411
1945.29166667 0.0493054862867
1945.375 -0.131312750871
1945.45833333 -0.214280878823
1945.54166667 -0.275633176594
1945.625 0.256605129099
1945.70833333 0.0609176436407
1945.79166667 0.17273574939
1945.875 -0.126410092193
1945.95833333 -0.242428365936
1946.04166667 0.106393803017
1946.125 -0.0617671227729
1946.20833333 -0.0622502202769
1946.29166667 0.11969895818
1946.375 -0.0746422362414
1946.45833333 -0.123019802687
1946.54166667 0.0951937441209
1946.625 -0.154436942694
1946.70833333 -0.0370969872685
1946.79166667 -0.135817242501
1946.875 -0.160303705621
1946.95833333 -0.310190582598
1947.04166667 -0.13406396104
1947.125 -0.168102254383
1947.20833333 -0.100518958929
1947.29166667 0.0658618934051
1947.375 -0.0941677596405
1947.45833333 -0.0891188365216
1947.54166667 0.0476580632736
1947.625 -0.0173828927722
1947.70833333 -0.0757360873515
1947.79166667 0.21054170902
1947.875 0.153527084619
1947.95833333 -0.168931590078
1948.04166667 0.0541656634022
1948.125 -0.177661366659
1948.20833333 -0.215060970458
1948.29166667 -0.128697350958
1948.375 0.0345393999595
1948.45833333 0.101319867809
1948.54166667 -0.247908317214
1948.625 -0.11142885165
1948.70833333 -0.177803931742
1948.79166667 0.0458872876147
1948.875 -0.16113854924
1948.95833333 -0.284152795061
1949.04166667 0.0671575159771
1949.125 -0.159105312262
1949.20833333 -0.110223397326
1949.29166667 -0.231603423507
1949.375 -0.210564879144
1949.45833333 -0.405047441316
1949.54166667 -0.23070128532
1949.625 -0.169469275386
1949.70833333 -0.173698120544
1949.79166667 -0.0286943637442
1949.875 -0.11495733232
1949.95833333 -0.146462734429
1950.04166667 -0.25171105241
1950.125 -0.272532116947
1950.20833333 -0.192570201505
1950.29166667 -0.201107167466
1950.375 -0.319044561665
1950.45833333 -0.0408891957985
1950.54166667 -0.0159532292482
1950.625 -0.355539304667
1950.70833333 -0.179865923554
1950.79166667 -0.102267061106
1950.875 -0.350314023004
1950.95833333 -0.256187400506
1951.04166667 -0.416864684302
1951.125 -0.470281181015
1951.20833333 -0.299244603509
1951.29166667 0.0190214320323
1951.375 0.0744027945696
1951.45833333 0.0116040929893
1951.54166667 -0.0298044312362
1951.625 0.206787099482
1951.70833333 0.00687587262685
1951.79166667 0.111182333074
1951.875 -0.0630205552189
1951.95833333 0.179774257811
1952.04166667 0.142091898865
1952.125 0.180684060028
1952.20833333 -0.186999179945
1952.29166667 -0.0390326152623
1952.375 -0.197007695039
1952.45833333 -0.0201709786081
1952.54166667 0.0335135014665
1952.625 0.210435704636
1952.70833333 0.174086916154
1952.79166667 -0.0187677359912
1952.875 -0.0628467862326
1952.95833333 -0.0261084149432
1953.04166667 0.0604527232714
1953.125 0.166517946407
1953.20833333 0.0613435868744
1953.29166667 0.0199715598532
1953.375 -0.0893095832687
1953.45833333 0.0453024443425
1953.54166667 0.0119470184907
1953.625 0.196904212166
1953.70833333 0.130494392464
1953.79166667 0.05483999155
1953.875 -0.0162859037805
1953.95833333 0.122644539984
1954.04166667 -0.22105576878
1954.125 -0.106921667976
1954.20833333 -0.171157831039
1954.29166667 -0.0890926300764
1954.375 -0.103689077504
1954.45833333 -0.205216800573
1954.54166667 -0.201458306409
1954.625 -0.231992428262
1954.70833333 -0.239024073941
1954.79166667 0.186132145397
1954.875 0.129287658558
1954.95833333 -0.145663718743
1955.04166667 0.189028621658
1955.125 -0.21267573078
1955.20833333 -0.388531508958
1955.29166667 -0.118898805067
1955.375 -0.163318794269
1955.45833333 -0.124860811169
1955.54166667 -0.0848779282146
1955.625 0.133793739228
1955.70833333 -0.0682552291879
1955.79166667 0.0449273342196
1955.875 -0.275532450414
1955.95833333 -0.355395509789
1956.04166667 -0.182783926666
1956.125 -0.222687941966
1956.20833333 -0.286026544284
1956.29166667 -0.214497085315
1956.375 -0.219898649901
1956.45833333 0.00602432717295
1956.54166667 -0.0017478627484
1956.625 -0.105154613077
1956.70833333 -0.215304556895
1956.79166667 -0.231547793536
1956.875 -0.130733295457
1956.95833333 -0.0982486419489
1957.04166667 -0.133354703996
1957.125 -0.0887490747091
1957.20833333 -0.182418757031
1957.29166667 0.0327718285685
1957.375 0.180190925839
1957.45833333 0.112813709655
1957.54166667 -0.0387387773297
1957.625 0.0758388605086
1957.70833333 0.0546742430171
1957.79166667 -0.0434730538287
1957.875 0.0175302986455
1957.95833333 0.0677401386415
1958.04166667 0.307192438345
1958.125 0.132385094482
1958.20833333 -0.0362053346218
1958.29166667 -0.0372348725245
1958.375 -0.122783462706
1958.45833333 -0.18270354676
1958.54166667 -0.0547479552858
1958.625 -0.0619100890372
1958.70833333 -0.050828969026
1958.79166667 0.047396599904
1958.875 -0.0264385492581
1958.95833333 -0.0621700171003
1959.04166667 0.0456442013155
1959.125 0.015268827873
1959.20833333 0.0304724831182
1959.29166667 -0.00214177230916
1959.375 -0.0599109458696
1959.45833333 0.161817334512
1959.54166667 -0.111082428365
1959.625 -0.0136105579216
1959.70833333 -0.133829120425
1959.79166667 -0.0376556581221
1959.875 -0.0977859200092
1959.95833333 -0.0707866952076
1960.04166667 -0.0392293755925
1960.125 0.0303784521802
1960.20833333 -0.392835150792
1960.29166667 -0.239298299589
1960.375 -0.138756513411
1960.45833333 -0.0572338263697
1960.54166667 -0.0646833249771
1960.625 0.107564769108
1960.70833333 0.0450534902949
1960.79166667 0.0498872374926
1960.875 -0.149775249615
1960.95833333 0.146717199991
1961.04166667 0.0150000372822
1961.125 0.148518367427
1961.20833333 0.0583007055991
1961.29166667 0.0428992196605
1961.375 0.0764896523789
1961.45833333 0.0134933623341
1961.54166667 -0.053276176754
1961.625 0.000608058119384
1961.70833333 -0.0342220882241
1961.79166667 0.0628191975788
1961.875 0.0071859363045
1961.95833333 -0.175604749167
1962.04166667 0.0234432378614
1962.125 0.129641062848
1962.20833333 0.0289893344625
1962.29166667 0.00631360510389
1962.375 -0.072864203601
1962.45833333 0.110034065753
1962.54166667 0.0189775953526
1962.625 -0.0256870686567
1962.70833333 0.0345759756281
1962.79166667 0.0256402876164
1962.875 0.033474753623
1962.95833333 -0.0621696937547
1963.04166667 -0.082777386734
1963.125 0.0878866396978
1963.20833333 -0.264120275701
1963.29166667 -0.199398286664
1963.375 -0.102052299251
1963.45833333 -0.00288840574314
1963.54166667 0.150584679398
1963.625 0.172105007948
1963.70833333 0.125576055045
1963.79166667 0.0871348640375
1963.875 0.0863372511311
1963.95833333 -0.0468106854678
1964.04166667 -0.141784733787
1964.125 -0.106702813033
1964.20833333 -0.3430606661
1964.29166667 -0.386842963241
1964.375 -0.300281922678
1964.45833333 -0.120652957143
1964.54166667 -0.121905595775
1964.625 -0.316184657001
1964.70833333 -0.347148127597
1964.79166667 -0.232315464489
1964.875 -0.298091547146
1964.95833333 -0.303755778442
1965.04166667 -0.0780415632346
1965.125 -0.22033388007
1965.20833333 -0.187381282013
1965.29166667 -0.231309616539
1965.375 -0.0904318614501
1965.45833333 -0.0493461662245
1965.54166667 -0.22190079949
1965.625 -0.131045494306
1965.70833333 -0.186082214374
1965.79166667 -0.0715970732135
1965.875 -0.11853428473
1965.95833333 -0.113049028358
1966.04166667 -0.190027755768
1966.125 -0.147194565616
1966.20833333 -0.101171223003
1966.29166667 -0.110545810469
1966.375 -0.156005919409
1966.45833333 -0.0576465395994
1966.54166667 -0.0297404590851
1966.625 -0.042047903029
1966.70833333 -0.0385505957835
1966.79166667 -0.154388398867
1966.875 -0.0660944510214
1966.95833333 -0.0563787211566
1967.04166667 -0.184588636487
1967.125 -0.264067909209
1967.20833333 0.00559325118514
1967.29166667 -0.0734968714074
1967.375 0.0638404384946
1967.45833333 -0.079812446353
1967.54166667 0.0756845742468
1967.625 0.00322705762074
1967.70833333 -0.1305201949
1967.79166667 0.0108587481396
1967.875 -0.000607153139409
1967.95833333 -0.0776049815065
1968.04166667 -0.227712352921
1968.125 -0.18896064133
1968.20833333 0.0665527512453
1968.29166667 -0.139726455437
1968.375 -0.187904194293
1968.45833333 -0.0751308103285
1968.54166667 -0.14462819565
1968.625 -0.0186308006874
1968.70833333 -0.162494910594
1968.79166667 0.00635591358848
1968.875 -0.125847457436
1968.95833333 -0.167038655098
1969.04166667 -0.140705934897
1969.125 -0.175430497202
1969.20833333 -0.0704107516127
1969.29166667 0.129327824539
1969.375 0.0856747248651
1969.45833333 0.0222752735414
1969.54166667 -0.0762924325848
1969.625 0.0116885036783
1969.70833333 0.0556404609333
1969.79166667 -0.010600968663
1969.875 0.11464116522
1969.95833333 0.235120820744
1970.04166667 0.0648623594902
1970.125 0.103836126408
1970.20833333 -0.0421522990555
1970.29166667 0.0117044428582
1970.375 -0.108836242723
1970.45833333 -0.0979555797362
1970.54166667 -0.0172830624311
1970.625 -0.123810472013
1970.70833333 0.105808070815
1970.79166667 -0.00112626918284
1970.875 -0.010260315903
1970.95833333 -0.135502831337
1971.04166667 -0.0968554084221
1971.125 -0.215506842529
1971.20833333 -0.259401617917
1971.29166667 -0.207155753723
1971.375 -0.220886842388
1971.45833333 -0.177122522656
1971.54166667 -0.122759796976
1971.625 -0.0938889327607
1971.70833333 -0.118345776075
1971.79166667 -0.107054170081
1971.875 -0.0880136041151
1971.95833333 -0.167828201652
1972.04166667 -0.316847306505
1972.125 -0.269530385275
1972.20833333 -0.096998618079
1972.29166667 -0.0550062875212
1972.375 -0.0712652579428
1972.45833333 -0.0993335987904
1972.54166667 -0.139439252016
1972.625 -0.00741506928492
1972.70833333 -0.0557032852229
1972.79166667 -0.0782720078986
1972.875 -0.0244241341943
1972.95833333 0.134108432214
1973.04166667 0.143241939324
1973.125 0.246257627956
1973.20833333 0.161538711789
1973.29166667 0.193323533488
1973.375 0.0561668776298
1973.45833333 0.118872915799
1973.54166667 0.0364593882997
1973.625 -0.0645663700579
1973.70833333 -0.0698136207275
1973.79166667 0.0317063476693
1973.875 -0.0340295043375
1973.95833333 -0.14139441838
1974.04166667 -0.332305908633
1974.125 -0.410157735822
1974.20833333 -0.214140873591
1974.29166667 -0.186256845331
1974.375 -0.156620862445
1974.45833333 -0.119374804439
1974.54166667 -0.0467770748698
1974.625 -0.0159606462479
1974.70833333 -0.0885347672286
1974.79166667 -0.127798655062
1974.875 -0.172895148706
1974.95833333 -0.162761930274
1975.04166667 -0.0614280868895
1975.125 -0.0423418433311
1975.20833333 0.0384739168077
1975.29166667 -0.0150538121484
1975.375 0.0439503837829
1975.45833333 -0.0950969959481
1975.54166667 -0.196402538838
1975.625 -0.301733346263
1975.70833333 -0.0999169473431
1975.79166667 -0.107827872561
1975.875 -0.289821592222
1975.95833333 -0.249093571661
1976.04166667 -0.17062764225
1976.125 -0.269531072581
1976.20833333 -0.399973333911
1976.29166667 -0.183811712522
1976.375 -0.378418607713
1976.45833333 -0.206029217966
1976.54166667 -0.241474907006
1976.625 -0.230359954402
1976.70833333 -0.211277041169
1976.79166667 -0.184037593569
1976.875 -0.163073048594
1976.95833333 -0.0535801191308
1977.04166667 0.0429577375733
1977.125 0.0623299918933
1977.20833333 0.0373613280715
1977.29166667 0.123314702144
1977.375 0.240751005061
1977.45833333 0.241350721287
1977.54166667 0.0302482174498
1977.625 0.10326750027
1977.70833333 -0.0386065538917
1977.79166667 -0.106677997671
1977.875 0.0817888813666
1977.95833333 -0.0580444668741
1978.04166667 -0.00713181410229
1978.125 -0.0295314166379
1978.20833333 0.0475060185504
1978.29166667 -0.0422386815855
1978.375 -0.0302098966914
1978.45833333 -0.112632516272
1978.54166667 -0.0249844072601
1978.625 -0.254404146177
1978.70833333 0.0248418115124
1978.79166667 -0.0514292864622
1978.875 0.0633845825924
1978.95833333 -0.103865441232
1979.04166667 -0.046128184101
1979.125 -0.260008113412
1979.20833333 -0.0125992512108
1979.29166667 -0.00502748464311
1979.375 -0.0889785966283
1979.45833333 0.00196118321718
1979.54166667 -0.0421051051279
1979.625 0.0379466662792
1979.70833333 0.0931393021594
1979.79166667 0.124938942602
1979.875 0.172419615719
1979.95833333 0.357627566308
1980.04166667 0.151043530587
1980.125 0.273642567884
1980.20833333 0.121074603351
1980.29166667 0.187817713031
1980.375 0.159006798807
1980.45833333 0.03100675472
1980.54166667 0.139659735771
1980.625 0.0521529627672
1980.70833333 0.0462808514492
1980.79166667 0.00115533816583
1980.875 0.141910984405
1980.95833333 0.0649522285879
1981.04166667 0.394580025744
1981.125 0.224419172076
1981.20833333 0.19902609193
1981.29166667 0.0973372665377
1981.375 0.049800148284
1981.45833333 0.216856867086
1981.54166667 0.363528145526
1981.625 0.261872516564
1981.70833333 0.1024087574
1981.79166667 -0.0159516411168
1981.875 0.0989453307307
1981.95833333 0.278920220958
1982.04166667 -0.0855785099011
1982.125 -0.00259175473161
1982.20833333 -0.166122723097
1982.29166667 -0.00361949252434
1982.375 0.0625158509979
1982.45833333 -0.0410131778468
1982.54166667 -0.0561512824379
1982.625 -0.0247181613223
1982.70833333 0.0115125591346
1982.79166667 0.0291336981542
1982.875 0.0162560110316
1982.95833333 0.259846537021
1983.04166667 0.434052070006
1983.125 0.279275971136
1983.20833333 0.224012246264
1983.29166667 0.0895187362912
1983.375 0.180499741559
1983.45833333 0.121991190046
1983.54166667 0.127321268311
1983.625 0.293561132667
1983.70833333 0.262826994544
1983.79166667 0.113396900078
1983.875 0.204039936066
1983.95833333 0.0651929100554
1984.04166667 0.189496376195
1984.125 0.0379125293689
1984.20833333 0.0729258870602
1984.29166667 -0.0611134171583
1984.375 0.184890295789
1984.45833333 -0.0856273235183
1984.54166667 -0.00014026429421
1984.625 0.0932097065431
1984.70833333 0.171719758938
1984.79166667 -0.0266864495163
1984.875 -0.11635448574
1984.95833333 -0.212370750841
1985.04166667 0.0485682317639
1985.125 -0.102952675165
1985.20833333 -0.00346491925745
1985.29166667 -0.0275921745601
1985.375 -0.0168524261364
1985.45833333 0.054730782831
1985.54166667 -0.00139968061692
1985.625 0.124583159304
1985.70833333 0.0392191827101
1985.79166667 0.0483803561927
1985.875 -0.0663419432003
1985.95833333 0.0266666568269
1986.04166667 0.103134228595
1986.125 0.125845420116
1986.20833333 0.0771665845259
1986.29166667 0.0678707308311
1986.375 0.0339944555246
1986.45833333 -0.024442101261
1986.54166667 -0.00250292863729
1986.625 0.0624265923724
1986.70833333 -0.0142913102886
1986.79166667 0.0617190948392
1986.875 0.00167023778491
1986.95833333 -0.0248343707201
1987.04166667 0.105846249247
1987.125 0.238645104254
1987.20833333 -0.00577525369714
1987.29166667 0.0719703972313
1987.375 0.114073504264
1987.45833333 0.13893428414
1987.54166667 0.300210073143
1987.625 0.194611186002
1987.70833333 0.159135529438
1987.79166667 0.156401044657
1987.875 0.147523928745
1987.95833333 0.269119589741
1988.04166667 0.376133792958
1988.125 0.246523312717
1988.20833333 0.274320748545
1988.29166667 0.204731934556
1988.375 0.258226925957
1988.45833333 0.301882515878
1988.54166667 0.161474885806
1988.625 0.193431135375
1988.70833333 0.228844280782
1988.79166667 0.172715355702
1988.875 -0.0426576834661
1988.95833333 0.136214177717
1989.04166667 -0.0276255468591
1989.125 0.175041279763
1989.20833333 0.131622971825
1989.29166667 0.0698264703734
1989.375 -0.0574120406742
1989.45833333 0.0485266031322
1989.54166667 0.243206609962
1989.625 0.220032254683
1989.70833333 0.197176533543
1989.79166667 0.172163555457
1989.875 0.0312900550165
1989.95833333 0.202785722947
1990.04166667 0.245478329275
1990.125 0.300871324491
1990.20833333 0.564429221394
1990.29166667 0.427898607801
1990.375 0.305094807661
1990.45833333 0.284946903537
1990.54166667 0.397021481316
1990.625 0.212322309845
1990.70833333 0.129878683309
1990.79166667 0.387180039864
1990.875 0.293548114797
1990.95833333 0.214168612355
1991.04166667 0.286275183627
1991.125 0.281330078096
1991.20833333 0.188085863351
1991.29166667 0.388892026548
1991.375 0.267814682697
1991.45833333 0.356030297725
1991.54166667 0.412545662499
1991.625 0.35673562038
1991.70833333 0.295736849658
1991.79166667 0.16102077459
1991.875 0.164163456949
1991.95833333 0.165901362484
1992.04166667 0.345439567414
1992.125 0.307753027112
1992.20833333 0.285125574131
1992.29166667 0.112848762264
1992.375 0.174556751958
1992.45833333 0.117205510558
1992.54166667 -0.0199093589319
1992.625 -0.00148042044304
1992.70833333 -0.116108303872
1992.79166667 -0.058500007764
1992.875 -0.0950834232599
1992.95833333 0.0579871512277
1993.04166667 0.30494266731
1993.125 0.268181460047
1993.20833333 0.242999187038
1993.29166667 0.108520010608
1993.375 0.17334527751
1993.45833333 0.191448298554
1993.54166667 0.115888134304
1993.625 0.129769073159
1993.70833333 0.0154112476631
1993.79166667 0.126933541347
1993.875 -0.0295006657725
1993.95833333 0.0618528842046
1994.04166667 0.158286013193
1994.125 -0.0567846565646
1994.20833333 0.177232620473
1994.29166667 0.227936613367
1994.375 0.206131282126
1994.45833333 0.354082693815
1994.54166667 0.202401832496
1994.625 0.192459328354
1994.70833333 0.199147459797
1994.79166667 0.300361546128
1994.875 0.28497535634
1994.95833333 0.239836151075
1995.04166667 0.382878707846
1995.125 0.624226454954
1995.20833333 0.315531456053
1995.29166667 0.349175856535
1995.375 0.155558657416
1995.45833333 0.27557047486
1995.54166667 0.380061573961
1995.625 0.319516956547
1995.70833333 0.184163215526
1995.79166667 0.355646004531
1995.875 0.306355477492
1995.95833333 0.0977792805701
1996.04166667 0.114480366199
1996.125 0.347761053822
1996.20833333 0.236542229604
1996.29166667 0.179362073558
1996.375 0.151239063349
1996.45833333 0.126227391207
1996.54166667 0.343700914572
1996.625 0.349539917712
1996.70833333 0.211927763193
1996.79166667 0.142459308648
1996.875 0.222959269923
1996.95833333 0.220543803906
1997.04166667 0.192786856932
1997.125 0.302560306155
1997.20833333 0.388116162237
1997.29166667 0.351896749569
1997.375 0.263218599861
1997.45833333 0.439900065947
1997.54166667 0.291347750478
1997.625 0.400461588115
1997.70833333 0.391650377697
1997.79166667 0.512563066681
1997.875 0.523964805487
1997.95833333 0.438842201424
1998.04166667 0.462957244741
1998.125 0.677493953439
1998.20833333 0.531026095465
1998.29166667 0.533301053372
1998.375 0.566445850608
1998.45833333 0.618200436864
1998.54166667 0.648949661919
1998.625 0.590592258831
1998.70833333 0.322505159883
1998.79166667 0.323307270922
1998.875 0.324738069212
1998.95833333 0.442814244117
1999.04166667 0.322890966823
1999.125 0.561775113693
1999.20833333 0.214375424822
1999.29166667 0.254600659395
1999.375 0.172956678004
1999.45833333 0.308139417107
1999.54166667 0.25838649968
1999.625 0.224617086714
1999.70833333 0.260242603364
1999.79166667 0.250543567114
1999.875 0.261215825024
1999.95833333 0.332686375376
2000.04166667 0.199369493016
2000.125 0.445880211198
2000.20833333 0.375144819296
2000.29166667 0.456977490847
2000.375 0.206068070493
2000.45833333 0.359286504455
2000.54166667 0.296553728187
2000.625 0.34753079317
2000.70833333 0.322093359072
2000.79166667 0.166279720056
2000.875 0.220654526892
2000.95833333 0.145276810784
2001.04166667 0.365703882074
2001.125 0.331131647998
2001.20833333 0.45327900379
2001.29166667 0.37778406636
2001.375 0.381765463231
2001.45833333 0.429782560179
2001.54166667 0.466234233036
2001.625 0.483942503498
2001.70833333 0.473913331531
2001.79166667 0.419280991212
2001.875 0.631140281458
2001.95833333 0.407198212256
2002.04166667 0.652772260149
2002.125 0.627597974374
2002.20833333 0.725580961431
2002.29166667 0.480275956856
2002.375 0.47959852706
2002.45833333 0.465327360689
2002.54166667 0.557460869922
2002.625 0.474552517984
2002.70833333 0.431990304596
2002.79166667 0.451949710228
2002.875 0.435871781606
2002.95833333 0.332522457504
2003.04166667 0.579022510693
2003.125 0.417555886027
2003.20833333 0.457878164237
2003.29166667 0.421516881893
2003.375 0.427263748397
2003.45833333 0.42103574976
2003.54166667 0.443075491145
2003.625 0.61679739536
2003.70833333 0.55052061687
2003.79166667 0.59496831322
2003.875 0.433865797002
2003.95833333 0.59662578011
2004.04166667 0.476347780583
2004.125 0.561570558406
2004.20833333 0.472959077681
2004.29166667 0.487176523425
2004.375 0.284253272514
2004.45833333 0.277808120582
2004.54166667 0.232421560184
2004.625 0.414999758753
2004.70833333 0.42624184629
2004.79166667 0.495119675848
2004.875 0.580217272707
2004.95833333 0.364304699868
2005.04166667 0.623441613095
2005.125 0.48828173633
2005.20833333 0.554037306387
2005.29166667 0.580245935088
2005.375 0.487071427565
2005.45833333 0.532437573018
2005.54166667 0.499654688187
2005.625 0.5466707635
2005.70833333 0.571149853179
2005.79166667 0.631377773231
2005.875 0.618276087675
2005.95833333 0.541763891654
2006.04166667 0.473726289994
2006.125 0.616916402883
2006.20833333 0.471068052606
2006.29166667 0.410557231983
2006.375 0.385484760028
2006.45833333 0.516361979357
2006.54166667 0.383760480059
2006.625 0.623283625828
2006.70833333 0.472787193108
2006.79166667 0.516061859387
2006.875 0.595723929148
2006.95833333 0.689679939072
2007.04166667 0.866292541397
2007.125 0.542352817569
2007.20833333 0.537543747052
2007.29166667 0.63901035181
2007.375 0.48951938523
2007.45833333 0.487583281315
2007.54166667 0.56536254304
2007.625 0.527343808986
2007.70833333 0.457892220779
2007.79166667 0.513316506443
2007.875 0.454218482808
2007.95833333 0.364295284257
2008.04166667 0.153250166555
2008.125 0.269496810711
2008.20833333 0.528755278476
2008.29166667 0.3773183658
2008.375 0.346902926559
2008.45833333 0.315727201864
2008.54166667 0.48907200788
2008.625 0.368310775666
2008.70833333 0.441236909874
2008.79166667 0.507669996666
2008.875 0.54428303021
2008.95833333 0.386747062295
2009.04166667 0.527675008683
2009.125 0.403772584419
2009.20833333 0.368493309298
2009.29166667 0.449478059335
2009.375 0.478155797682
2009.45833333 0.634620048174
2009.54166667 0.647061098186
2009.625 0.552954645872
2009.70833333 0.586126908818
2009.79166667 0.512725297425
2009.875 0.567226300376
2009.95833333 0.517556983703
2010.04166667 0.594347557177
2010.125 0.605045983195
2010.20833333 0.722344219626
2010.29166667 0.698331167066
2010.375 0.567619618091
2010.45833333 0.527606261878
2010.54166667 0.543202453362
2010.625 0.512727163851
2010.70833333 0.473008600322
2010.79166667 0.516415590777
2010.875 0.622315749309
2010.95833333 0.360405208458
2011.04166667 0.36674613863
2011.125 0.340744662304
2011.20833333 0.484988538835
2011.29166667 0.505732693378
2011.375 0.368293747771
2011.45833333 0.507143795089
2011.54166667 0.580444892117
2011.625 0.589249071604
2011.70833333 0.455679506306
2011.79166667 0.443378518846
2011.875 0.417791212303
2011.95833333 0.431038388219
2012.04166667 0.333712852477
2012.125 0.378625643492
2012.20833333 0.381544143502
2012.29166667 0.551547297459
2012.375 0.571895232088
2012.45833333 0.526720340937
2012.54166667 0.442469353892
2012.625 0.546113230702
2012.70833333 0.533652728089
2012.79166667 0.610306244131
2012.875 0.598332930674
2012.95833333 0.344730957256
2013.04166667 0.47242792626
2013.125 0.456516937056
2013.20833333 0.411320307751
2013.29166667 0.423649725313
2013.375 0.447039516958
2013.45833333 0.529181263326
2013.54166667 0.536637091361
2013.625 0.573570561256
2013.70833333 0.62545171733
2013.79166667 0.479416841695
2013.875 0.66355968421
2013.95833333 0.537231686567
2014.04166667 0.51691737335
2014.125 0.358231247368
2014.20833333 0.604814548309
2014.29166667 0.683102186075
2014.375 0.631501694518
2014.45833333 0.576146427759
2014.54166667 0.502839336972
2014.625 0.671637776091
2014.70833333 0.643593031915
2014.79166667 0.577120309045
2014.875 0.490498138646
2014.95833333 0.619410126418
