    1979  -0.268   0.027   0.024   0.012
    1980  -0.171   0.027   0.023   0.013
    1981  -0.125   0.026   0.022   0.013
    1982  -0.311   0.025   0.022   0.012
    1983  -0.133   0.025   0.023   0.011
    1984  -0.293   0.025   0.022   0.011
    1985  -0.322   0.024   0.021   0.011
    1986  -0.267   0.023   0.021   0.009
    1987  -0.139   0.023   0.021   0.008
    1988  -0.079   0.023   0.021   0.008
    1989  -0.178   0.023   0.021   0.008
    1990   0.001   0.021   0.019   0.008
    1991  -0.016   0.021   0.020   0.007
    1992  -0.209   0.021   0.020   0.007
    1993  -0.168   0.020   0.019   0.006
    1994  -0.099   0.020   0.019   0.006
    1995   0.027   0.020   0.019   0.006
    1996  -0.073   0.020   0.020   0.006
    1997   0.074   0.020   0.020   0.005
    1998   0.225   0.021   0.020   0.007
    1999  -0.004   0.021   0.019   0.007
    2000   0.005   0.021   0.020   0.007
    2001   0.144   0.022   0.020   0.007
    2002   0.217   0.022   0.021   0.008
    2003   0.222   0.022   0.020   0.008
    2004   0.138   0.022   0.020   0.007
    2005   0.287   0.022   0.020   0.008
    2006   0.238   0.022   0.020   0.008
    2007   0.255   0.022   0.021   0.008
    2008   0.128   0.023   0.021   0.008
    2009   0.258   0.022   0.021   0.008
    2010   0.331   0.022   0.020   0.009
    2011   0.193   0.021   0.020   0.009
    2012   0.219   0.022   0.020   0.009
    2013   0.246   0.021   0.019   0.009
    2014   0.322   0.022   0.020   0.009
    2015   0.460   0.022   0.021   0.009
    2016   0.558   0.022   0.020   0.009
