1979.042  -0.324   0.049   0.048   0.014
1979.125  -0.570   0.051   0.049   0.013
1979.208  -0.290   0.058   0.056   0.013
1979.292  -0.281   0.067   0.066   0.012
1979.375  -0.303   0.076   0.075   0.012
1979.458  -0.310   0.083   0.082   0.012
1979.542  -0.370   0.086   0.085   0.011
1979.625  -0.276   0.085   0.084   0.011
1979.708  -0.181   0.080   0.080   0.012
1979.792  -0.166   0.072   0.071   0.013
1979.875  -0.126   0.062   0.061   0.012
1979.958   0.010   0.053   0.051   0.013
1980.042  -0.115   0.048   0.046   0.013
1980.125  -0.047   0.049   0.047   0.013
1980.208  -0.146   0.055   0.054   0.013
1980.292  -0.115   0.064   0.063   0.013
1980.375  -0.068   0.073   0.072   0.013
1980.458  -0.225   0.079   0.078   0.014
1980.542  -0.130   0.082   0.081   0.013
1980.625  -0.171   0.082   0.081   0.014
1980.708  -0.196   0.077   0.076   0.014
1980.792  -0.261   0.070   0.068   0.014
1980.875  -0.120   0.060   0.058   0.014
1980.958  -0.234   0.051   0.049   0.014
1981.042   0.036   0.046   0.044   0.014
1981.125  -0.091   0.047   0.045   0.014
1981.208  -0.013   0.053   0.051   0.014
1981.292  -0.203   0.061   0.060   0.014
1981.375  -0.185   0.070   0.068   0.013
1981.458  -0.130   0.076   0.074   0.013
1981.542  -0.135   0.079   0.077   0.013
1981.625  -0.078   0.078   0.077   0.013
1981.708  -0.170   0.074   0.072   0.013
1981.792  -0.268   0.066   0.065   0.013
1981.875  -0.200   0.057   0.056   0.013
1981.958   0.018   0.049   0.047   0.014
1982.042  -0.343   0.044   0.042   0.013
1982.125  -0.320   0.044   0.042   0.013
1982.208  -0.516   0.050   0.048   0.013
1982.292  -0.372   0.058   0.057   0.012
1982.375  -0.250   0.066   0.065   0.012
1982.458  -0.370   0.071   0.070   0.012
1982.542  -0.261   0.074   0.073   0.011
1982.625  -0.377   0.074   0.073   0.012
1982.708  -0.247   0.069   0.068   0.012
1982.792  -0.213   0.063   0.062   0.012
1982.875  -0.265   0.054   0.053   0.012
1982.958  -0.007   0.046   0.045   0.012
1983.042   0.008   0.041   0.040   0.012
1983.125  -0.054   0.042   0.040   0.013
1983.208  -0.142   0.047   0.046   0.012
1983.292  -0.171   0.055   0.053   0.012
1983.375  -0.036   0.062   0.061   0.011
1983.458  -0.153   0.067   0.066   0.011
1983.542  -0.254   0.069   0.069   0.011
1983.625  -0.095   0.069   0.068   0.011
1983.708  -0.042   0.065   0.064   0.011
1983.792  -0.246   0.059   0.058   0.012
1983.875  -0.108   0.051   0.050   0.012
1983.958  -0.193   0.044   0.042   0.012
1984.042  -0.192   0.039   0.037   0.012
1984.125  -0.357   0.039   0.038   0.012
1984.208  -0.214   0.044   0.043   0.012
1984.292  -0.309   0.051   0.050   0.011
1984.375  -0.085   0.058   0.056   0.012
1984.458  -0.370   0.063   0.061   0.012
1984.542  -0.388   0.065   0.064   0.011
1984.625  -0.226   0.064   0.063   0.012
1984.708  -0.179   0.061   0.060   0.011
1984.792  -0.322   0.055   0.054   0.012
1984.875  -0.379   0.048   0.046   0.012
1984.958  -0.448   0.041   0.039   0.012
1985.042  -0.213   0.037   0.035   0.012
1985.125  -0.488   0.037   0.035   0.012
1985.208  -0.328   0.041   0.039   0.011
1985.292  -0.360   0.047   0.046   0.011
1985.375  -0.319   0.053   0.052   0.011
1985.458  -0.317   0.058   0.057   0.011
1985.542  -0.397   0.060   0.059   0.010
1985.625  -0.266   0.059   0.058   0.011
1985.708  -0.291   0.056   0.055   0.010
1985.792  -0.331   0.051   0.049   0.011
1985.875  -0.355   0.044   0.043   0.010
1985.958  -0.270   0.038   0.036   0.010
1986.042  -0.244   0.034   0.032   0.010
1986.125  -0.101   0.034   0.032   0.010
1986.208  -0.243   0.037   0.036   0.009
1986.292  -0.237   0.043   0.042   0.009
1986.375  -0.235   0.048   0.048   0.009
1986.458  -0.307   0.052   0.052   0.009
1986.542  -0.300   0.054   0.053   0.009
1986.625  -0.295   0.053   0.053   0.009
1986.708  -0.333   0.050   0.050   0.009
1986.792  -0.273   0.046   0.045   0.009
1986.875  -0.284   0.040   0.039   0.009
1986.958  -0.277   0.034   0.033   0.009
1987.042  -0.168   0.031   0.030   0.008
1987.125  -0.120   0.031   0.030   0.008
1987.208  -0.317   0.034   0.033   0.008
1987.292  -0.259   0.039   0.038   0.008
1987.375  -0.186   0.044   0.043   0.008
1987.458  -0.138   0.047   0.046   0.009
1987.542   0.004   0.049   0.048   0.008
1987.625  -0.159   0.048   0.047   0.008
1987.708  -0.091   0.045   0.045   0.008
1987.792  -0.134   0.041   0.040   0.009
1987.875  -0.179   0.036   0.035   0.009
1987.958  -0.003   0.031   0.030   0.009
1988.042   0.046   0.028   0.027   0.009
1988.125  -0.105   0.029   0.027   0.009
1988.208  -0.059   0.032   0.030   0.009
1988.292  -0.055   0.036   0.035   0.009
1988.375  -0.025   0.040   0.039   0.009
1988.458  -0.048   0.043   0.042   0.008
1988.542  -0.118   0.044   0.043   0.008
1988.625  -0.055   0.043   0.042   0.008
1988.708  -0.042   0.040   0.040   0.008
1988.792  -0.097   0.037   0.036   0.008
1988.875  -0.272   0.032   0.031   0.008
1988.958  -0.156   0.028   0.027   0.008
1989.042  -0.436   0.026   0.025   0.008
1989.125  -0.166   0.027   0.025   0.008
1989.208  -0.194   0.029   0.028   0.008
1989.292  -0.188   0.033   0.032   0.008
1989.375  -0.267   0.036   0.035   0.008
1989.458  -0.294   0.039   0.038   0.008
1989.542  -0.135   0.039   0.039   0.008
1989.625  -0.163   0.038   0.038   0.008
1989.708  -0.113   0.036   0.035   0.008
1989.792  -0.099   0.033   0.032   0.008
1989.875  -0.250   0.029   0.028   0.009
1989.958  -0.029   0.026   0.025   0.009
1990.042  -0.043   0.025   0.023   0.009
1990.125  -0.090   0.026   0.024   0.009
1990.208   0.220   0.028   0.027   0.009
1990.292   0.130   0.031   0.030   0.009
1990.375   0.077   0.034   0.033   0.008
1990.458  -0.039   0.036   0.035   0.008
1990.542   0.025   0.036   0.035   0.008
1990.625  -0.096   0.035   0.034   0.008
1990.708  -0.147   0.033   0.032   0.008
1990.792   0.034   0.030   0.029   0.008
1990.875   0.012   0.027   0.025   0.009
1990.958  -0.030   0.024   0.023   0.009
1991.042  -0.053   0.024   0.022   0.008
1991.125   0.007   0.024   0.023   0.008
1991.208  -0.118   0.027   0.026   0.008
1991.292   0.095   0.030   0.029   0.008
1991.375   0.012   0.032   0.031   0.007
1991.458   0.091   0.033   0.032   0.008
1991.542   0.098   0.034   0.033   0.008
1991.625   0.005   0.032   0.032   0.008
1991.708  -0.024   0.030   0.029   0.008
1991.792  -0.094   0.028   0.026   0.008
1991.875  -0.088   0.025   0.024   0.008
1991.958  -0.088   0.023   0.022   0.007
1992.042   0.013   0.023   0.021   0.007
1992.125  -0.057   0.024   0.023   0.007
1992.208  -0.055   0.026   0.025   0.007
1992.292  -0.192   0.029   0.028   0.007
1992.375  -0.082   0.031   0.030   0.007
1992.458  -0.156   0.032   0.031   0.007
1992.542  -0.300   0.032   0.031   0.007
1992.625  -0.328   0.031   0.030   0.007
1992.708  -0.394   0.029   0.028   0.007
1992.792  -0.327   0.026   0.025   0.006
1992.875  -0.372   0.024   0.023   0.007
1992.958  -0.226   0.022   0.021   0.006
1993.042  -0.061   0.023   0.022   0.006
1993.125  -0.099   0.024   0.023   0.007
1993.208  -0.151   0.027   0.026   0.007
1993.292  -0.191   0.029   0.028   0.007
1993.375  -0.166   0.031   0.030   0.007
1993.458  -0.107   0.032   0.031   0.007
1993.542  -0.169   0.032   0.031   0.006
1993.625  -0.238   0.031   0.030   0.006
1993.708  -0.218   0.029   0.028   0.006
1993.792  -0.159   0.026   0.025   0.006
1993.875  -0.300   0.024   0.023   0.006
1993.958  -0.238   0.023   0.022   0.007
1994.042  -0.200   0.023   0.022   0.007
1994.125  -0.419   0.025   0.024   0.007
1994.208  -0.172   0.027   0.026   0.007
1994.292  -0.062   0.029   0.029   0.007
1994.375  -0.065   0.031   0.031   0.006
1994.458   0.019   0.032   0.032   0.006
1994.542  -0.078   0.032   0.031   0.006
1994.625  -0.197   0.031   0.030   0.006
1994.708  -0.066   0.029   0.028   0.006
1994.792   0.045   0.027   0.026   0.007
1994.875   0.024   0.025   0.024   0.006
1994.958  -0.098   0.024   0.022   0.008
1995.042   0.023   0.024   0.023   0.008
1995.125   0.244   0.026   0.024   0.008
1995.208  -0.029   0.028   0.027   0.007
1995.292   0.045   0.030   0.029   0.006
1995.375  -0.095   0.032   0.031   0.006
1995.458   0.070   0.033   0.032   0.006
1995.542   0.130   0.032   0.032   0.006
1995.625   0.096   0.031   0.031   0.006
1995.708  -0.034   0.029   0.029   0.006
1995.792   0.079   0.027   0.027   0.006
1995.875   0.057   0.025   0.024   0.007
1995.958  -0.165   0.024   0.023   0.007
1996.042  -0.186   0.024   0.024   0.006
1996.125   0.032   0.026   0.025   0.006
1996.208  -0.106   0.028   0.027   0.006
1996.292  -0.093   0.030   0.030   0.005
1996.375  -0.128   0.032   0.032   0.006
1996.458  -0.167   0.033   0.033   0.005
1996.542  -0.057   0.033   0.033   0.005
1996.625   0.059   0.032   0.031   0.005
1996.708  -0.090   0.030   0.030   0.006
1996.792  -0.183   0.028   0.027   0.006
1996.875  -0.015   0.026   0.025   0.006
1996.958  -0.020   0.025   0.024   0.006
1997.042  -0.156   0.025   0.024   0.005
1997.125  -0.114   0.026   0.026   0.006
1997.208   0.040   0.029   0.028   0.005
1997.292  -0.036   0.031   0.030   0.005
1997.375  -0.029   0.033   0.032   0.005
1997.458   0.184   0.034   0.033   0.005
1997.542   0.025   0.033   0.033   0.005
1997.625   0.065   0.032   0.032   0.005
1997.708   0.142   0.031   0.030   0.005
1997.792   0.244   0.028   0.028   0.005
1997.875   0.271   0.027   0.026   0.005
1997.958   0.185   0.026   0.025   0.006
1998.042   0.112   0.026   0.025   0.007
1998.125   0.331   0.027   0.026   0.007
1998.208   0.161   0.030   0.029   0.007
1998.292   0.289   0.032   0.031   0.007
1998.375   0.336   0.033   0.033   0.007
1998.458   0.379   0.034   0.034   0.006
1998.542   0.381   0.034   0.034   0.007
1998.625   0.328   0.033   0.033   0.007
1998.708   0.079   0.032   0.031   0.007
1998.792   0.054   0.030   0.029   0.007
1998.875   0.040   0.028   0.027   0.007
1998.958   0.175   0.027   0.025   0.008
1999.042   0.011   0.027   0.026   0.007
1999.125   0.195   0.028   0.027   0.008
1999.208  -0.118   0.030   0.029   0.008
1999.292  -0.040   0.033   0.032   0.008
1999.375  -0.065   0.034   0.033   0.008
1999.458   0.034   0.035   0.034   0.007
1999.542   0.020   0.035   0.034   0.007
1999.625  -0.021   0.034   0.033   0.007
1999.708   0.080   0.032   0.032   0.007
1999.792  -0.011   0.030   0.029   0.007
1999.875  -0.010   0.028   0.027   0.006
1999.958   0.048   0.027   0.026   0.007
2000.042  -0.162   0.027   0.026   0.008
2000.125   0.109   0.028   0.028   0.007
2000.208   0.049   0.031   0.030   0.007
2000.292   0.171   0.033   0.032   0.007
2000.375   0.012   0.035   0.034   0.007
2000.458   0.050   0.036   0.035   0.007
2000.542   0.043   0.036   0.036   0.007
2000.625   0.083   0.035   0.035   0.007
2000.708   0.082   0.033   0.033   0.007
2000.792  -0.067   0.031   0.030   0.007
2000.875  -0.036   0.029   0.028   0.007
2000.958  -0.114   0.027   0.027   0.006
2001.042   0.037   0.028   0.027   0.008
2001.125   0.027   0.029   0.028   0.008
2001.208   0.172   0.032   0.031   0.008
2001.292   0.132   0.034   0.033   0.008
2001.375   0.130   0.036   0.035   0.008
2001.458   0.175   0.038   0.037   0.007
2001.542   0.238   0.038   0.037   0.007
2001.625   0.163   0.037   0.036   0.008
2001.708   0.188   0.035   0.034   0.007
2001.792   0.151   0.032   0.032   0.007
2001.875   0.374   0.030   0.029   0.007
2001.958   0.218   0.028   0.027   0.008
2002.042   0.317   0.028   0.027   0.008
2002.125   0.245   0.030   0.029   0.009
2002.208   0.448   0.033   0.032   0.009
2002.292   0.187   0.036   0.035   0.008
2002.375   0.299   0.038   0.037   0.008
2002.458   0.255   0.040   0.039   0.008
2002.542   0.262   0.040   0.039   0.007
2002.625   0.203   0.039   0.039   0.008
2002.708   0.284   0.037   0.037   0.007
2002.792   0.226   0.035   0.034   0.007
2002.875   0.195   0.032   0.031   0.008
2002.958   0.096   0.030   0.029   0.007
2003.042   0.341   0.030   0.028   0.009
2003.125   0.132   0.031   0.030   0.009
2003.208   0.141   0.034   0.033   0.009
2003.292   0.174   0.037   0.036   0.009
2003.375   0.214   0.040   0.039   0.008
2003.458   0.137   0.042   0.042   0.008
2003.542   0.170   0.043   0.043   0.007
2003.625   0.306   0.043   0.042   0.008
2003.708   0.336   0.041   0.040   0.007
2003.792   0.358   0.038   0.037   0.008
2003.875   0.184   0.034   0.033   0.008
2003.958   0.340   0.032   0.031   0.007
2004.042   0.209   0.031   0.030   0.008
2004.125   0.242   0.032   0.031   0.009
2004.208   0.174   0.035   0.034   0.008
2004.292   0.196   0.039   0.038   0.008
2004.375   0.012   0.043   0.042   0.007
2004.458   0.054   0.045   0.045   0.008
2004.542  -0.050   0.047   0.046   0.007
2004.625   0.089   0.046   0.046   0.007
2004.708   0.182   0.044   0.044   0.007
2004.792   0.208   0.041   0.040   0.007
2004.875   0.289   0.037   0.036   0.007
2004.958   0.087   0.034   0.033   0.008
2005.042   0.320   0.033   0.032   0.008
2005.125   0.168   0.034   0.033   0.009
2005.208   0.297   0.037   0.036   0.009
2005.292   0.304   0.041   0.040   0.008
2005.375   0.300   0.045   0.045   0.008
2005.458   0.312   0.049   0.048   0.008
2005.542   0.281   0.050   0.050   0.008
2005.625   0.306   0.050   0.049   0.008
2005.708   0.339   0.048   0.047   0.008
2005.792   0.403   0.044   0.044   0.008
2005.875   0.372   0.040   0.039   0.008
2005.958   0.318   0.036   0.035   0.008
2006.042   0.192   0.034   0.033   0.009
2006.125   0.301   0.035   0.034   0.009
2006.208   0.201   0.039   0.038   0.008
2006.292   0.134   0.043   0.043   0.008
2006.375   0.163   0.048   0.047   0.008
2006.458   0.247   0.052   0.051   0.008
2006.542   0.141   0.054   0.053   0.007
2006.625   0.298   0.054   0.053   0.008
2006.708   0.220   0.051   0.051   0.008
2006.792   0.298   0.048   0.047   0.008
2006.875   0.322   0.043   0.042   0.009
2006.958   0.388   0.039   0.038   0.009
2007.042   0.523   0.036   0.035   0.009
2007.125   0.293   0.037   0.036   0.008
2007.208   0.239   0.040   0.039   0.008
2007.292   0.376   0.045   0.045   0.008
2007.375   0.223   0.050   0.050   0.007
2007.458   0.196   0.054   0.054   0.008
2007.542   0.195   0.057   0.056   0.007
2007.625   0.164   0.057   0.056   0.007
2007.708   0.130   0.055   0.054   0.007
2007.792   0.196   0.051   0.050   0.007
2007.875   0.204   0.046   0.045   0.008
2007.958   0.083   0.041   0.040   0.008
2008.042  -0.175   0.038   0.037   0.009
2008.125  -0.120   0.038   0.037   0.009
2008.208   0.242   0.042   0.041   0.008
2008.292   0.117   0.047   0.046   0.008
2008.375   0.099   0.052   0.052   0.008
2008.458   0.028   0.057   0.056   0.008
2008.542   0.186   0.059   0.059   0.007
2008.625   0.079   0.060   0.059   0.008
2008.708   0.169   0.058   0.057   0.008
2008.792   0.222   0.054   0.053   0.008
2008.875   0.271   0.048   0.048   0.008
2008.958   0.144   0.043   0.042   0.008
2009.042   0.261   0.040   0.039   0.009
2009.125   0.114   0.040   0.039   0.009
2009.208   0.055   0.043   0.042   0.009
2009.292   0.181   0.048   0.047   0.008
2009.375   0.212   0.054   0.053   0.008
2009.458   0.260   0.059   0.058   0.008
2009.542   0.307   0.062   0.061   0.008
2009.625   0.240   0.062   0.062   0.008
2009.708   0.231   0.060   0.060   0.008
2009.792   0.253   0.056   0.056   0.008
2009.875   0.344   0.051   0.050   0.008
2009.958   0.286   0.045   0.045   0.008
2010.042   0.325   0.041   0.040   0.009
2010.125   0.385   0.041   0.040   0.010
2010.208   0.432   0.044   0.043   0.009
2010.292   0.458   0.049   0.048   0.009
2010.375   0.317   0.055   0.055   0.009
2010.458   0.226   0.060   0.060   0.009
2010.542   0.195   0.063   0.063   0.008
2010.625   0.176   0.064   0.064   0.008
2010.708   0.182   0.062   0.062   0.008
2010.792   0.262   0.058   0.058   0.008
2010.875   0.380   0.053   0.052   0.009
2010.958   0.121   0.047   0.046   0.009
2011.042   0.093   0.043   0.042   0.009
2011.125   0.056   0.042   0.041   0.010
2011.208   0.184   0.045   0.044   0.010
2011.292   0.224   0.050   0.049   0.009
2011.375   0.109   0.056   0.055   0.008
2011.458   0.190   0.061   0.061   0.009
2011.542   0.296   0.065   0.064   0.009
2011.625   0.265   0.066   0.065   0.008
2011.708   0.165   0.064   0.063   0.008
2011.792   0.209   0.060   0.059   0.008
2011.875   0.133   0.054   0.054   0.008
2011.958   0.135   0.049   0.048   0.009
2012.042   0.009   0.044   0.043   0.009
2012.125   0.051   0.043   0.042   0.009
2012.208   0.048   0.045   0.044   0.009
2012.292   0.275   0.050   0.049   0.009
2012.375   0.328   0.056   0.056   0.008
2012.458   0.235   0.062   0.061   0.008
2012.542   0.092   0.065   0.065   0.008
2012.625   0.173   0.067   0.066   0.008
2012.708   0.233   0.065   0.065   0.009
2012.792   0.350   0.061   0.061   0.009
2012.875   0.380   0.056   0.055   0.009
2012.958   0.107   0.050   0.049   0.009
2013.042   0.211   0.045   0.044   0.010
2013.125   0.103   0.043   0.042   0.010
2013.208   0.140   0.045   0.044   0.010
2013.292   0.158   0.050   0.049   0.010
2013.375   0.174   0.057   0.056   0.009
2013.458   0.203   0.062   0.062   0.009
2013.542   0.113   0.066   0.065   0.009
2013.625   0.202   0.067   0.067   0.009
2013.708   0.315   0.066   0.065   0.009
2013.792   0.218   0.062   0.062   0.009
2013.875   0.387   0.057   0.056   0.009
2013.958   0.245   0.051   0.050   0.009
2014.042   0.291   0.046   0.045   0.010
2014.125   0.059   0.044   0.043   0.010
2014.208   0.263   0.045   0.044   0.010
2014.292   0.325   0.050   0.049   0.010
2014.375   0.361   0.056   0.056   0.009
2014.458   0.212   0.062   0.061   0.009
2014.542   0.137   0.066   0.065   0.009
2014.625   0.331   0.067   0.067   0.009
2014.708   0.363   0.066   0.066   0.008
2014.792   0.368   0.063   0.062   0.008
2014.875   0.247   0.057   0.057   0.009
2014.958   0.332   0.051   0.051   0.009
2015.042   0.358   0.046   0.045   0.009
2015.125   0.367   0.044   0.043   0.009
2015.208   0.393   0.045   0.044   0.009
2015.292   0.331   0.050   0.049   0.009
2015.375   0.349   0.056   0.055   0.009
2015.458   0.344   0.062   0.061   0.009
2015.542   0.321   0.066   0.065   0.009
2015.625   0.352   0.067   0.067   0.009
2015.708   0.408   0.066   0.066   0.009
2015.792   0.593   0.063   0.062   0.009
2015.875   0.585   0.058   0.057   0.009
2015.958   0.675   0.052   0.051   0.009
2016.042   0.695   0.047   0.046   0.010
2016.125   0.785   0.044   0.043   0.010
2016.208   0.766   0.045   0.044   0.010
2016.292   0.659   0.049   0.048   0.010
2016.375   0.486   0.055   0.054   0.009
2016.458   0.349   0.061   0.060   0.009
2016.542   0.433   0.065   0.064   0.009
2016.625   0.531   0.067   0.066   0.009
2016.708   0.445   0.066   0.066   0.009
2016.792   0.451   0.063   0.062   0.010
2016.875   0.477   0.058   0.057   0.009
2016.958   0.435   0.052   0.051   0.009
2017.042   0.511   0.047   0.046   0.011
2017.125   0.600   0.044   0.043   0.011
