    1979  -0.266   0.041   0.039   0.012
    1980  -0.153   0.040   0.038   0.013
    1981  -0.118   0.038   0.036   0.013
    1982  -0.294   0.037   0.035   0.012
    1983  -0.123   0.036   0.034   0.011
    1984  -0.289   0.035   0.033   0.011
    1985  -0.328   0.034   0.032   0.010
    1986  -0.260   0.032   0.031   0.009
    1987  -0.146   0.032   0.031   0.008
    1988  -0.082   0.032   0.031   0.008
    1989  -0.194   0.031   0.030   0.008
    1990   0.004   0.025   0.024   0.008
    1991  -0.013   0.026   0.025   0.007
    1992  -0.206   0.025   0.024   0.006
    1993  -0.174   0.020   0.019   0.006
    1994  -0.106   0.019   0.018   0.006
    1995   0.035   0.018   0.017   0.006
    1996  -0.080   0.018   0.017   0.005
    1997   0.068   0.019   0.018   0.005
    1998   0.222   0.020   0.019   0.006
    1999   0.010   0.021   0.020   0.007
    2000   0.018   0.023   0.023   0.007
    2001   0.167   0.027   0.026   0.007
    2002   0.251   0.030   0.029   0.008
    2003   0.236   0.032   0.031   0.008
    2004   0.141   0.032   0.031   0.007
    2005   0.309   0.033   0.032   0.008
    2006   0.242   0.034   0.033   0.008
    2007   0.235   0.036   0.035   0.007
    2008   0.105   0.037   0.036   0.008
    2009   0.229   0.038   0.037   0.008
    2010   0.289   0.038   0.037   0.008
    2011   0.172   0.039   0.038   0.008
    2012   0.190   0.040   0.039   0.008
    2013   0.206   0.041   0.040   0.009
    2014   0.274   0.042   0.041   0.009
    2015   0.423   0.044   0.043   0.009
    2016   0.542   0.045   0.044   0.009
