1979.042  -0.303   0.026
1979.125  -0.575   0.029
1979.208  -0.322   0.034
1979.292  -0.293   0.039
1979.375  -0.373   0.043
1979.458  -0.294   0.046
1979.542  -0.366   0.046
1979.625  -0.286   0.044
1979.708  -0.172   0.041
1979.792  -0.218   0.035
1979.875  -0.139   0.030
1979.958   0.032   0.026
1980.042  -0.132   0.026
1980.125  -0.034   0.028
1980.208  -0.167   0.033
1980.292  -0.107   0.038
1980.375  -0.096   0.042
1980.458  -0.246   0.044
1980.542  -0.140   0.045
1980.625  -0.189   0.043
1980.708  -0.209   0.039
1980.792  -0.286   0.035
1980.875  -0.138   0.029
1980.958  -0.236   0.026
1981.042   0.071   0.025
1981.125  -0.108   0.027
1981.208  -0.054   0.032
1981.292  -0.217   0.037
1981.375  -0.205   0.040
1981.458  -0.097   0.043
1981.542  -0.074   0.043
1981.625  -0.052   0.042
1981.708  -0.178   0.038
1981.792  -0.297   0.034
1981.875  -0.187   0.029
1981.958   0.035   0.025
1982.042  -0.386   0.024
1982.125  -0.341   0.026
1982.208  -0.506   0.031
1982.292  -0.351   0.035
1982.375  -0.250   0.039
1982.458  -0.355   0.041
1982.542  -0.284   0.042
1982.625  -0.433   0.041
1982.708  -0.311   0.037
1982.792  -0.268   0.033
1982.875  -0.293   0.028
1982.958  -0.027   0.024
1983.042   0.044   0.023
1983.125  -0.092   0.026
1983.208  -0.134   0.030
1983.292  -0.188   0.034
1983.375  -0.059   0.038
1983.458  -0.177   0.040
1983.542  -0.283   0.041
1983.625  -0.093   0.039
1983.708  -0.037   0.036
1983.792  -0.265   0.032
1983.875  -0.110   0.028
1983.958  -0.195   0.024
1984.042  -0.198   0.023
1984.125  -0.350   0.025
1984.208  -0.210   0.029
1984.292  -0.333   0.033
1984.375  -0.055   0.037
1984.458  -0.369   0.039
1984.542  -0.364   0.040
1984.625  -0.213   0.039
1984.708  -0.179   0.036
1984.792  -0.339   0.032
1984.875  -0.386   0.027
1984.958  -0.498   0.024
1985.042  -0.222   0.022
1985.125  -0.468   0.024
1985.208  -0.331   0.028
1985.292  -0.350   0.032
1985.375  -0.310   0.036
1985.458  -0.280   0.038
1985.542  -0.438   0.039
1985.625  -0.254   0.038
1985.708  -0.261   0.035
1985.792  -0.296   0.031
1985.875  -0.351   0.027
1985.958  -0.257   0.023
1986.042  -0.236   0.022
1986.125  -0.125   0.023
1986.208  -0.252   0.027
1986.292  -0.219   0.031
1986.375  -0.213   0.035
1986.458  -0.360   0.037
1986.542  -0.320   0.038
1986.625  -0.296   0.037
1986.708  -0.360   0.035
1986.792  -0.267   0.031
1986.875  -0.311   0.027
1986.958  -0.293   0.023
1987.042  -0.193   0.021
1987.125  -0.128   0.023
1987.208  -0.325   0.026
1987.292  -0.237   0.030
1987.375  -0.191   0.034
1987.458  -0.104   0.036
1987.542  -0.013   0.037
1987.625  -0.191   0.036
1987.708  -0.074   0.034
1987.792  -0.137   0.031
1987.875  -0.179   0.027
1987.958   0.017   0.023
1988.042   0.044   0.021
1988.125  -0.084   0.022
1988.208  -0.027   0.025
1988.292  -0.029   0.029
1988.375   0.004   0.033
1988.458  -0.012   0.036
1988.542  -0.139   0.037
1988.625  -0.074   0.036
1988.708  -0.031   0.034
1988.792  -0.064   0.031
1988.875  -0.289   0.027
1988.958  -0.158   0.023
1989.042  -0.414   0.021
1989.125  -0.141   0.022
1989.208  -0.206   0.025
1989.292  -0.206   0.029
1989.375  -0.279   0.033
1989.458  -0.260   0.036
1989.542  -0.099   0.037
1989.625  -0.106   0.036
1989.708  -0.052   0.034
1989.792  -0.083   0.031
1989.875  -0.269   0.027
1989.958  -0.064   0.023
1990.042  -0.063   0.021
1990.125  -0.099   0.022
1990.208   0.220   0.025
1990.292   0.146   0.029
1990.375   0.071   0.033
1990.458  -0.049   0.036
1990.542   0.028   0.037
1990.625  -0.125   0.036
1990.708  -0.144   0.034
1990.792   0.043   0.031
1990.875   0.006   0.027
1990.958  -0.057   0.024
1991.042  -0.064   0.022
1991.125  -0.002   0.023
1991.208  -0.136   0.026
1991.292   0.095   0.029
1991.375   0.013   0.033
1991.458   0.090   0.036
1991.542   0.110   0.037
1991.625   0.025   0.036
1991.708   0.035   0.035
1991.792  -0.110   0.031
1991.875  -0.096   0.028
1991.958  -0.105   0.024
1992.042  -0.001   0.023
1992.125  -0.075   0.023
1992.208  -0.054   0.026
1992.292  -0.183   0.030
1992.375  -0.090   0.033
1992.458  -0.148   0.036
1992.542  -0.330   0.037
1992.625  -0.307   0.037
1992.708  -0.392   0.035
1992.792  -0.315   0.032
1992.875  -0.376   0.028
1992.958  -0.230   0.025
1993.042  -0.041   0.024
1993.125  -0.108   0.025
1993.208  -0.097   0.027
1993.292  -0.152   0.031
1993.375  -0.132   0.034
1993.458  -0.163   0.036
1993.542  -0.176   0.037
1993.625  -0.273   0.037
1993.708  -0.224   0.035
1993.792  -0.177   0.032
1993.875  -0.299   0.029
1993.958  -0.225   0.026
1994.042  -0.177   0.025
1994.125  -0.409   0.026
1994.208  -0.157   0.028
1994.292  -0.079   0.031
1994.375  -0.079   0.034
1994.458   0.057   0.036
1994.542  -0.116   0.037
1994.625  -0.192   0.037
1994.708  -0.066   0.035
1994.792   0.068   0.032
1994.875   0.032   0.029
1994.958  -0.075   0.027
1995.042   0.038   0.026
1995.125   0.259   0.027
1995.208  -0.025   0.029
1995.292   0.073   0.032
1995.375  -0.113   0.035
1995.458   0.049   0.037
1995.542   0.134   0.037
1995.625   0.059   0.037
1995.708  -0.059   0.035
1995.792   0.061   0.033
1995.875   0.073   0.030
1995.958  -0.159   0.028
1996.042  -0.181   0.027
1996.125   0.043   0.028
1996.208  -0.083   0.030
1996.292  -0.112   0.032
1996.375  -0.104   0.035
1996.458  -0.161   0.037
1996.542   0.006   0.037
1996.625   0.032   0.037
1996.708  -0.088   0.035
1996.792  -0.170   0.033
1996.875  -0.017   0.031
1996.958  -0.014   0.028
1997.042  -0.133   0.028
1997.125  -0.066   0.028
1997.208   0.035   0.030
1997.292   0.016   0.033
1997.375  -0.022   0.035
1997.458   0.204   0.037
1997.542  -0.006   0.037
1997.625   0.062   0.037
1997.708   0.136   0.035
1997.792   0.255   0.033
1997.875   0.249   0.031
1997.958   0.191   0.029
1998.042   0.107   0.028
1998.125   0.366   0.029
1998.208   0.208   0.030
1998.292   0.272   0.033
1998.375   0.328   0.035
1998.458   0.382   0.037
1998.542   0.367   0.037
1998.625   0.295   0.037
1998.708   0.046   0.035
1998.792   0.059   0.033
1998.875   0.077   0.031
1998.958   0.195   0.029
1999.042   0.017   0.028
1999.125   0.209   0.029
1999.208  -0.125   0.030
1999.292  -0.051   0.033
1999.375  -0.071   0.035
1999.458   0.028   0.036
1999.542  -0.021   0.037
1999.625  -0.070   0.036
1999.708  -0.001   0.035
1999.792  -0.031   0.033
1999.875  -0.001   0.031
1999.958   0.061   0.029
2000.042  -0.150   0.028
2000.125   0.131   0.028
2000.208   0.090   0.030
2000.292   0.153   0.032
2000.375  -0.033   0.034
2000.458   0.041   0.036
2000.542   0.058   0.036
2000.625   0.068   0.036
2000.708   0.049   0.034
2000.792  -0.118   0.032
2000.875  -0.039   0.030
2000.958  -0.112   0.028
2001.042   0.036   0.028
2001.125   0.021   0.028
2001.208   0.178   0.030
2001.292   0.102   0.032
2001.375   0.109   0.034
2001.458   0.128   0.035
2001.542   0.177   0.035
2001.625   0.125   0.035
2001.708   0.166   0.034
2001.792   0.127   0.032
2001.875   0.393   0.030
2001.958   0.183   0.028
2002.042   0.313   0.027
2002.125   0.270   0.027
2002.208   0.460   0.029
2002.292   0.163   0.031
2002.375   0.251   0.033
2002.458   0.176   0.034
2002.542   0.255   0.035
2002.625   0.150   0.034
2002.708   0.175   0.033
2002.792   0.195   0.031
2002.875   0.169   0.029
2002.958   0.069   0.027
2003.042   0.310   0.026
2003.125   0.075   0.026
2003.208   0.128   0.028
2003.292   0.142   0.030
2003.375   0.205   0.032
2003.458   0.101   0.033
2003.542   0.165   0.034
2003.625   0.301   0.033
2003.708   0.298   0.032
2003.792   0.350   0.030
2003.875   0.165   0.028
2003.958   0.343   0.026
2004.042   0.205   0.025
2004.125   0.231   0.025
2004.208   0.133   0.027
2004.292   0.177   0.028
2004.375   0.030   0.030
2004.458   0.014   0.032
2004.542  -0.079   0.033
2004.625   0.116   0.033
2004.708   0.156   0.031
2004.792   0.197   0.030
2004.875   0.313   0.027
2004.958   0.087   0.025
2005.042   0.304   0.024
2005.125   0.141   0.024
2005.208   0.264   0.025
2005.292   0.304   0.027
2005.375   0.263   0.029
2005.458   0.265   0.031
2005.542   0.212   0.032
2005.625   0.249   0.032
2005.708   0.337   0.031
2005.792   0.387   0.029
2005.875   0.347   0.027
2005.958   0.307   0.025
2006.042   0.133   0.023
2006.125   0.297   0.023
2006.208   0.173   0.024
2006.292   0.128   0.026
2006.375   0.128   0.028
2006.458   0.245   0.030
2006.542   0.117   0.031
2006.625   0.321   0.031
2006.708   0.234   0.030
2006.792   0.289   0.029
2006.875   0.340   0.026
2006.958   0.414   0.024
2007.042   0.541   0.022
2007.125   0.255   0.022
2007.208   0.208   0.023
2007.292   0.383   0.026
2007.375   0.272   0.028
2007.458   0.223   0.030
2007.542   0.283   0.031
2007.625   0.234   0.031
2007.708   0.207   0.030
2007.792   0.239   0.028
2007.875   0.201   0.026
2007.958   0.087   0.024
2008.042  -0.194   0.022
2008.125  -0.104   0.022
2008.208   0.247   0.023
2008.292   0.108   0.025
2008.375   0.130   0.027
2008.458   0.068   0.029
2008.542   0.232   0.031
2008.625   0.099   0.031
2008.708   0.218   0.030
2008.792   0.272   0.028
2008.875   0.286   0.026
2008.958   0.135   0.024
2009.042   0.239   0.022
2009.125   0.085   0.022
2009.208   0.034   0.023
2009.292   0.196   0.025
2009.375   0.220   0.027
2009.458   0.322   0.029
2009.542   0.381   0.031
2009.625   0.289   0.031
2009.708   0.338   0.030
2009.792   0.261   0.028
2009.875   0.374   0.026
2009.958   0.297   0.024
2010.042   0.307   0.022
2010.125   0.367   0.022
2010.208   0.456   0.023
2010.292   0.477   0.025
2010.375   0.348   0.027
2010.458   0.276   0.030
2010.542   0.249   0.031
2010.625   0.250   0.031
2010.708   0.204   0.030
2010.792   0.307   0.029
2010.875   0.408   0.026
2010.958   0.146   0.024
2011.042   0.107   0.022
2011.125   0.053   0.022
2011.208   0.176   0.023
2011.292   0.199   0.025
2011.375   0.090   0.028
2011.458   0.223   0.030
2011.542   0.313   0.031
2011.625   0.321   0.032
2011.708   0.210   0.031
2011.792   0.207   0.029
2011.875   0.165   0.027
2011.958   0.142   0.024
2012.042  -0.004   0.023
2012.125   0.032   0.022
2012.208   0.031   0.023
2012.292   0.276   0.026
2012.375   0.343   0.028
2012.458   0.306   0.031
2012.542   0.158   0.032
2012.625   0.227   0.032
2012.708   0.279   0.031
2012.792   0.373   0.029
2012.875   0.354   0.027
2012.958   0.088   0.025
2013.042   0.195   0.023
2013.125   0.080   0.023
2013.208   0.102   0.024
2013.292   0.173   0.026
2013.375   0.196   0.029
2013.458   0.301   0.031
2013.542   0.253   0.033
2013.625   0.271   0.033
2013.708   0.427   0.032
2013.792   0.230   0.030
2013.875   0.415   0.027
2013.958   0.246   0.025
