1979.042  -0.291   0.028
1979.125  -0.579   0.028
1979.208  -0.339   0.031
1979.292  -0.347   0.035
1979.375  -0.339   0.040
1979.458  -0.336   0.044
1979.542  -0.363   0.046
1979.625  -0.280   0.046
1979.708  -0.152   0.044
1979.792  -0.186   0.040
1979.875  -0.160   0.035
1979.958   0.069   0.030
1980.042  -0.091   0.027
1980.125  -0.010   0.027
1980.208  -0.128   0.030
1980.292  -0.071   0.034
1980.375  -0.094   0.039
1980.458  -0.231   0.042
1980.542  -0.123   0.044
1980.625  -0.201   0.044
1980.708  -0.203   0.042
1980.792  -0.303   0.038
1980.875  -0.123   0.033
1980.958  -0.243   0.029
1981.042   0.057   0.026
1981.125  -0.101   0.026
1981.208  -0.048   0.029
1981.292  -0.180   0.033
1981.375  -0.172   0.037
1981.458  -0.129   0.040
1981.542  -0.122   0.042
1981.625  -0.034   0.042
1981.708  -0.159   0.040
1981.792  -0.289   0.036
1981.875  -0.206   0.032
1981.958   0.042   0.028
1982.042  -0.363   0.025
1982.125  -0.339   0.025
1982.208  -0.523   0.027
1982.292  -0.366   0.031
1982.375  -0.243   0.035
1982.458  -0.352   0.038
1982.542  -0.276   0.040
1982.625  -0.424   0.040
1982.708  -0.281   0.038
1982.792  -0.206   0.034
1982.875  -0.287   0.030
1982.958  -0.021   0.026
1983.042   0.063   0.024
1983.125  -0.055   0.024
1983.208  -0.132   0.026
1983.292  -0.204   0.030
1983.375  -0.062   0.033
1983.458  -0.161   0.036
1983.542  -0.292   0.038
1983.625  -0.110   0.037
1983.708  -0.030   0.036
1983.792  -0.265   0.033
1983.875  -0.097   0.029
1983.958  -0.181   0.025
1984.042  -0.184   0.023
1984.125  -0.324   0.023
1984.208  -0.213   0.025
1984.292  -0.314   0.028
1984.375  -0.021   0.032
1984.458  -0.376   0.034
1984.542  -0.390   0.035
1984.625  -0.200   0.035
1984.708  -0.187   0.034
1984.792  -0.322   0.031
1984.875  -0.400   0.027
1984.958  -0.512   0.024
1985.042  -0.209   0.022
1985.125  -0.487   0.022
1985.208  -0.340   0.024
1985.292  -0.356   0.027
1985.375  -0.289   0.030
1985.458  -0.285   0.032
1985.542  -0.410   0.033
1985.625  -0.276   0.033
1985.708  -0.283   0.032
1985.792  -0.300   0.029
1985.875  -0.352   0.026
1985.958  -0.278   0.023
1986.042  -0.235   0.021
1986.125  -0.118   0.021
1986.208  -0.253   0.023
1986.292  -0.203   0.025
1986.375  -0.180   0.028
1986.458  -0.288   0.030
1986.542  -0.277   0.031
1986.625  -0.301   0.031
1986.708  -0.348   0.030
1986.792  -0.281   0.028
1986.875  -0.270   0.025
1986.958  -0.295   0.022
1987.042  -0.216   0.021
1987.125  -0.118   0.020
1987.208  -0.310   0.022
1987.292  -0.267   0.024
1987.375  -0.195   0.027
1987.458  -0.119   0.028
1987.542   0.005   0.029
1987.625  -0.197   0.029
1987.708  -0.062   0.028
1987.792  -0.147   0.026
1987.875  -0.212   0.024
1987.958   0.014   0.021
1988.042   0.057   0.020
1988.125  -0.086   0.020
1988.208  -0.025   0.021
1988.292  -0.016   0.023
1988.375  -0.029   0.025
1988.458  -0.020   0.027
1988.542  -0.138   0.028
1988.625  -0.036   0.028
1988.708  -0.037   0.027
1988.792  -0.068   0.025
1988.875  -0.260   0.023
1988.958  -0.125   0.021
1989.042  -0.419   0.020
1989.125  -0.141   0.020
1989.208  -0.209   0.021
1989.292  -0.187   0.023
1989.375  -0.314   0.025
1989.458  -0.290   0.027
1989.542  -0.128   0.027
1989.625  -0.122   0.027
1989.708  -0.074   0.027
1989.792  -0.093   0.025
1989.875  -0.291   0.023
1989.958  -0.034   0.021
1990.042  -0.025   0.020
1990.125  -0.108   0.020
1990.208   0.193   0.021
1990.292   0.142   0.023
1990.375   0.078   0.025
1990.458  -0.064   0.026
1990.542   0.053   0.027
1990.625  -0.116   0.027
1990.708  -0.136   0.026
1990.792   0.011   0.025
1990.875   0.005   0.023
1990.958  -0.042   0.021
1991.042  -0.084   0.020
1991.125   0.017   0.020
1991.208  -0.133   0.021
1991.292   0.107   0.023
1991.375   0.052   0.025
1991.458   0.108   0.027
1991.542   0.132   0.028
1991.625   0.022   0.027
1991.708   0.007   0.026
1991.792  -0.084   0.025
1991.875  -0.089   0.023
1991.958  -0.085   0.021
1992.042  -0.006   0.020
1992.125  -0.052   0.020
1992.208  -0.033   0.022
1992.292  -0.195   0.024
1992.375  -0.061   0.026
1992.458  -0.128   0.027
1992.542  -0.303   0.028
1992.625  -0.299   0.028
1992.708  -0.396   0.027
1992.792  -0.324   0.025
1992.875  -0.379   0.023
1992.958  -0.245   0.021
1993.042  -0.018   0.021
1993.125  -0.097   0.021
1993.208  -0.087   0.022
1993.292  -0.143   0.024
1993.375  -0.122   0.026
1993.458  -0.125   0.028
1993.542  -0.163   0.029
1993.625  -0.242   0.028
1993.708  -0.207   0.027
1993.792  -0.180   0.026
1993.875  -0.291   0.024
1993.958  -0.244   0.022
1994.042  -0.181   0.021
1994.125  -0.429   0.022
1994.208  -0.170   0.023
1994.292  -0.110   0.025
1994.375  -0.043   0.027
1994.458   0.054   0.029
1994.542  -0.125   0.029
1994.625  -0.226   0.029
1994.708  -0.036   0.028
1994.792   0.078   0.026
1994.875   0.037   0.024
1994.958  -0.081   0.023
1995.042   0.019   0.022
1995.125   0.231   0.022
1995.208  -0.023   0.024
1995.292   0.087   0.026
1995.375  -0.115   0.028
1995.458   0.071   0.029
1995.542   0.176   0.030
1995.625   0.065   0.030
1995.708  -0.054   0.029
1995.792   0.063   0.027
1995.875   0.042   0.025
1995.958  -0.145   0.023
1996.042  -0.205   0.022
1996.125   0.033   0.023
1996.208  -0.068   0.024
1996.292  -0.085   0.026
1996.375  -0.146   0.028
1996.458  -0.150   0.030
1996.542  -0.041   0.031
1996.625   0.072   0.030
1996.708  -0.108   0.029
1996.792  -0.186   0.028
1996.875   0.006   0.025
1996.958  -0.021   0.024
1997.042  -0.144   0.023
1997.125  -0.073   0.023
1997.208   0.054   0.024
1997.292   0.029   0.027
1997.375  -0.025   0.029
1997.458   0.207   0.030
1997.542   0.005   0.031
1997.625   0.052   0.031
1997.708   0.125   0.030
1997.792   0.236   0.028
1997.875   0.265   0.026
1997.958   0.185   0.024
1998.042   0.101   0.023
1998.125   0.358   0.023
1998.208   0.172   0.025
1998.292   0.260   0.027
1998.375   0.325   0.029
1998.458   0.328   0.031
1998.542   0.310   0.031
1998.625   0.290   0.031
1998.708   0.053   0.030
1998.792   0.028   0.028
1998.875   0.035   0.026
1998.958   0.184   0.024
1999.042  -0.020   0.023
1999.125   0.197   0.023
1999.208  -0.127   0.025
1999.292  -0.058   0.027
1999.375  -0.094   0.029
1999.458   0.017   0.031
1999.542   0.004   0.032
1999.625  -0.063   0.031
1999.708   0.021   0.030
1999.792  -0.049   0.029
1999.875  -0.028   0.026
1999.958   0.061   0.024
2000.042  -0.167   0.023
2000.125   0.118   0.024
2000.208   0.068   0.025
2000.292   0.128   0.027
2000.375  -0.053   0.029
2000.458   0.029   0.031
2000.542   0.037   0.032
2000.625   0.059   0.031
2000.708   0.035   0.030
2000.792  -0.099   0.029
2000.875  -0.044   0.026
2000.958  -0.124   0.024
2001.042   0.031   0.023
2001.125   0.015   0.023
2001.208   0.181   0.025
2001.292   0.101   0.027
2001.375   0.102   0.029
2001.458   0.118   0.030
2001.542   0.195   0.031
2001.625   0.118   0.031
2001.708   0.117   0.030
2001.792   0.105   0.028
2001.875   0.369   0.026
2001.958   0.140   0.024
2002.042   0.299   0.023
2002.125   0.247   0.023
2002.208   0.491   0.024
2002.292   0.137   0.026
2002.375   0.306   0.028
2002.458   0.214   0.030
2002.542   0.199   0.031
2002.625   0.164   0.031
2002.708   0.216   0.030
2002.792   0.257   0.028
2002.875   0.220   0.026
2002.958   0.077   0.024
2003.042   0.318   0.023
2003.125   0.071   0.023
2003.208   0.120   0.024
2003.292   0.134   0.026
2003.375   0.162   0.028
2003.458   0.084   0.029
2003.542   0.149   0.030
2003.625   0.293   0.030
2003.708   0.300   0.029
2003.792   0.320   0.027
2003.875   0.162   0.025
2003.958   0.346   0.023
2004.042   0.200   0.022
2004.125   0.238   0.023
2004.208   0.142   0.024
2004.292   0.176   0.026
2004.375  -0.007   0.027
2004.458  -0.002   0.029
2004.542  -0.102   0.029
2004.625   0.085   0.029
2004.708   0.161   0.028
2004.792   0.183   0.026
2004.875   0.304   0.025
2004.958   0.096   0.023
2005.042   0.307   0.022
2005.125   0.122   0.022
2005.208   0.252   0.024
2005.292   0.298   0.025
2005.375   0.264   0.027
2005.458   0.288   0.028
2005.542   0.217   0.029
2005.625   0.261   0.028
2005.708   0.329   0.027
2005.792   0.409   0.026
2005.875   0.363   0.024
2005.958   0.316   0.023
2006.042   0.142   0.022
2006.125   0.294   0.022
2006.208   0.169   0.024
2006.292   0.124   0.025
2006.375   0.094   0.027
2006.458   0.238   0.028
2006.542   0.115   0.028
2006.625   0.312   0.028
2006.708   0.243   0.027
2006.792   0.293   0.025
2006.875   0.331   0.024
2006.958   0.395   0.023
2007.042   0.522   0.022
2007.125   0.266   0.023
2007.208   0.206   0.024
2007.292   0.391   0.025
2007.375   0.249   0.026
2007.458   0.248   0.027
2007.542   0.297   0.028
2007.625   0.223   0.027
2007.708   0.169   0.026
2007.792   0.241   0.025
2007.875   0.211   0.024
2007.958   0.081   0.023
2008.042  -0.194   0.022
2008.125  -0.114   0.023
2008.208   0.240   0.024
2008.292   0.139   0.025
2008.375   0.146   0.026
2008.458   0.037   0.027
2008.542   0.234   0.027
2008.625   0.117   0.027
2008.708   0.196   0.026
2008.792   0.248   0.025
2008.875   0.273   0.023
2008.958   0.129   0.023
2009.042   0.252   0.023
2009.125   0.077   0.023
2009.208   0.053   0.024
2009.292   0.172   0.025
2009.375   0.231   0.026
2009.458   0.329   0.027
2009.542   0.416   0.027
2009.625   0.309   0.026
2009.708   0.315   0.025
2009.792   0.273   0.024
2009.875   0.396   0.024
2009.958   0.302   0.023
2010.042   0.319   0.023
2010.125   0.383   0.024
2010.208   0.464   0.025
2010.292   0.456   0.026
2010.375   0.316   0.026
2010.458   0.238   0.027
2010.542   0.221   0.027
2010.625   0.221   0.026
2010.708   0.213   0.025
2010.792   0.321   0.025
2010.875   0.383   0.024
2010.958   0.135   0.024
2011.042   0.088   0.024
2011.125   0.046   0.024
2011.208   0.194   0.025
2011.292   0.209   0.026
2011.375   0.078   0.026
2011.458   0.226   0.027
2011.542   0.380   0.027
2011.625   0.360   0.026
2011.708   0.249   0.025
2011.792   0.233   0.025
2011.875   0.161   0.024
2011.958   0.130   0.024
2012.042   0.002   0.024
2012.125   0.052   0.025
2012.208   0.070   0.026
2012.292   0.265   0.026
2012.375   0.330   0.027
2012.458   0.299   0.027
2012.542   0.134   0.027
2012.625   0.237   0.026
2012.708   0.277   0.026
2012.792   0.415   0.025
2012.875   0.402   0.025
2012.958   0.135   0.025
2013.042   0.238   0.025
2013.125   0.082   0.026
2013.208   0.118   0.026
2013.292   0.158   0.027
2013.375   0.157   0.027
2013.458   0.219   0.027
2013.542   0.223   0.027
2013.625   0.288   0.027
2013.708   0.414   0.026
2013.792   0.255   0.026
2013.875   0.393   0.026
2013.958   0.286   0.026
