5.529304927513939427e-01
5.101130901421673247e-01
5.034483565206071543e-01
5.043892322632945735e-01
5.096244689968651986e-01
5.226107051242666612e-01
5.801803550479732730e-01
6.427200183996331084e-01
6.825129817170880742e-01
7.042083379953488764e-01
6.834799328942522401e-01
6.588220424514530382e-01
6.345608306372322316e-01
6.311099175379022430e-01
6.189297791505384838e-01
6.176398594429168831e-01
6.073022039527729010e-01
6.120429912397246097e-01
6.438848967621451092e-01
6.980502009922648909e-01
7.060370880875744826e-01
7.316492433219277114e-01
7.086450611752712625e-01
7.099610863815023487e-01
6.776725588527012789e-01
6.469267534308570378e-01
6.258386749832807183e-01
6.244825427196236678e-01
6.342554141836410642e-01
6.571434862258689336e-01
7.122753250054872920e-01
7.517492943147481288e-01
7.948636382540790191e-01
8.048008043403961365e-01
7.793367664324337696e-01
7.383692365538523372e-01
7.177168894912034913e-01
6.990467821092107847e-01
6.864252329376872019e-01
6.952583519429774706e-01
7.267401885295233788e-01
7.653597794907054386e-01
7.695708579675223371e-01
7.789730863876515032e-01
7.863013003990243499e-01
7.606016089657858803e-01
7.486669081651124991e-01
7.411016570648989443e-01
7.468615455167970651e-01
7.571233273381803297e-01
7.787017409085754682e-01
8.302847742709701384e-01
8.777895913403624961e-01
9.102128633692611048e-01
9.148198632630472060e-01
9.058562517421612226e-01
8.822761838644300747e-01
8.741170735115436630e-01
8.696053892849794353e-01
8.596789374433978503e-01
8.589428276260757666e-01
8.578132803899665149e-01
8.719342916760310924e-01
9.017768732101205664e-01
9.333266640270999615e-01
9.567992338705830768e-01
9.579102773886993827e-01
9.549994348289811974e-01
9.324232823208260523e-01
9.188961418812798820e-01
8.844550439595599833e-01
8.623629740133438304e-01
8.544878097556073415e-01
8.495519637809584301e-01
8.645983845663169909e-01
8.941032344891844952e-01
9.135852379228815989e-01
9.423675603165102554e-01
9.201754523686760390e-01
8.830675242400517488e-01
8.525331358359139466e-01
8.179134259930397333e-01
8.027342284020736463e-01
7.883111095446441174e-01
7.962115183393381201e-01
8.209805065654374179e-01
8.504828092811140827e-01
8.434560564034416785e-01
8.368703597741665723e-01
8.178611941490251391e-01
7.849576373321527356e-01
7.651277743332682846e-01
7.487281867045194605e-01
7.449415867782580580e-01
7.516539174613199314e-01
7.783127504137528074e-01
8.360989698966286854e-01
8.373317489599964025e-01
8.395602626812797009e-01
8.051410113301318283e-01
7.942108820197775199e-01
7.644506109951542117e-01
7.490623590453329150e-01
7.388645937920871321e-01
7.387775131554626951e-01
7.656640937152027204e-01
8.076770318724951769e-01
8.520951067841610049e-01
8.262351839359521888e-01
8.328032187010697696e-01
7.963592965912182908e-01
7.634178956838995056e-01
7.479433810982490938e-01
7.346979535223822078e-01
7.381819807211983386e-01
7.654611712976883142e-01
8.359279426877568309e-01
8.473374874260714007e-01
8.612990276446613747e-01
8.378622766923560228e-01
8.027469185694851017e-01
7.610350065899659233e-01
7.482502808788410453e-01
7.355503703028569706e-01
7.294920442495328450e-01
7.339831453923072457e-01
7.620530803982344947e-01
7.908851503026484986e-01
7.949722976677053854e-01
8.014877211186006711e-01
7.962888638334494340e-01
7.708521225416858913e-01
7.674962851506685890e-01
7.503527784157958402e-01
7.412537746564089591e-01
7.373077103141602029e-01
7.382502373543774477e-01
7.633685225107706973e-01
8.114665369520475124e-01
8.487060180770800155e-01
8.472738778738314602e-01
8.407532894042765159e-01
8.188901543114606163e-01
7.862569854140113446e-01
7.597730163186968699e-01
7.454625444765798914e-01
7.474689373094962619e-01
7.722001279761490089e-01
8.223688173358844056e-01
8.704385890332403397e-01
8.556773829937215359e-01
8.626390864298019157e-01
8.172168814724339869e-01
7.843327393989721896e-01
7.609526561220555374e-01
7.478668540702784195e-01
7.446473889365285981e-01
7.588776660117834139e-01
8.017084237189520124e-01
8.269538709080254124e-01
8.488423462617080695e-01
8.507113267118966426e-01
8.285239637430288351e-01
7.973413686894711416e-01
7.779280855997124933e-01
7.568467438092443267e-01
7.444366081356215137e-01
7.332205404046903130e-01
7.289662148608646586e-01
7.343226419027593099e-01
7.537545150443771824e-01
7.992669964061798193e-01
8.065588512877586158e-01
8.201934137578305029e-01
8.298738451319478404e-01
7.990495270354806001e-01
7.717493044438623606e-01
7.542744639099107085e-01
7.484833240220521988e-01
7.461511244397427411e-01
7.578094809759419181e-01
7.984329783582521101e-01
8.412324732207228095e-01
8.658286379009206835e-01
8.557306853788628764e-01
8.361470008897828876e-01
8.014378851668270132e-01
7.871289363439791797e-01
7.760869241807297758e-01
7.573103289988065701e-01
7.505381397876944582e-01
7.423545779605685846e-01
7.509390575401253543e-01
7.763766551594258880e-01
8.045254197801188223e-01
8.257722837013830031e-01
8.254201028953371821e-01
8.232935872855771109e-01
8.026659869262003921e-01
7.906679163218379713e-01
7.594213868725445682e-01
7.416751343096715798e-01
7.402486767070510787e-01
7.436274959500195347e-01
7.681962190282652925e-01
8.062428941977373142e-01
8.345249118607573902e-01
8.757932670219499283e-01
8.585270554319599512e-01
8.280584333487051030e-01
8.018191639159155670e-01
7.693414334507674424e-01
7.612805094842538534e-01
7.480487066682761643e-01
7.624801859602893250e-01
7.968840237651998448e-01
8.201561026246748654e-01
8.258880503145398233e-01
8.391596357662396422e-01
8.231209435492828907e-01
8.085983390681438232e-01
7.765793618202224691e-01
7.638927779448175803e-01
7.558837441273495994e-01
7.578500196118610477e-01
7.751960890566095275e-01
8.177053488916938839e-01
8.557266183672610493e-01
8.601005061830845344e-01
8.555441251659666735e-01
8.274671510837134925e-01
7.991121959133469232e-01
7.865862680332825763e-01
7.673733008696455027e-01
7.555724526201088587e-01
7.466760430431214068e-01
7.456399284928734161e-01
7.592996105145271013e-01
7.878687040196931113e-01
8.204093551787841054e-01
8.256474320286961710e-01
8.343879791113315569e-01
8.281952557651682811e-01
8.068346741404631706e-01
7.926514792484100624e-01
7.634500123783916070e-01
7.495008098707339750e-01
7.505259047838664932e-01
7.562711599104647853e-01
7.853644957604697385e-01
8.264407534440743053e-01
8.575395690928557801e-01
8.862019813313138927e-01
8.553482235371729914e-01
8.310314468543982258e-01
7.988532800569428938e-01
7.795351551069609197e-01
7.609215651026925986e-01
7.607860694742889507e-01
7.829734460666010198e-01
8.155418017744443526e-01
8.390511436961343161e-01
8.384410453200011881e-01
8.341343406552423900e-01
8.163686386129617167e-01
7.848876494291202599e-01
7.685949667853512191e-01
7.623631977274284433e-01
7.591425918256984318e-01
7.750191430597442865e-01
8.139445150970325837e-01
8.553038763002391853e-01
8.690833008957048467e-01
8.679297785396279385e-01
8.210605772551793358e-01
8.101444001158992769e-01
7.861753692978407093e-01
7.649831028235252184e-01
7.533396018359340696e-01
7.623955926174015296e-01
7.984954765897311901e-01
8.302790187479986983e-01
8.646677982355610581e-01
8.659441095642519404e-01
8.397055799048538383e-01
7.937710293028803488e-01
7.938722413420115087e-01
7.939724381478047155e-01
7.940716958665503533e-01
7.941700767563582009e-01
7.942676387995325493e-01
7.943644580575817127e-01
7.944605621761616776e-01
7.945559550926039050e-01
7.946506910362726162e-01
7.947448372441378028e-01
7.948384131542585163e-01
7.949314252096295608e-01
7.950238942958847144e-01
7.951158107940311526e-01
7.952072291365630541e-01
7.952981658291478073e-01
7.953886348517995586e-01
7.954786745783055668e-01
7.955682468353275638e-01
7.956573759806133683e-01
7.957460840339407593e-01
7.958343729968622160e-01
7.959222787356197149e-01
7.960097664532790329e-01
7.960968589734658263e-01
7.961833871820744868e-01
7.962691671938736393e-01
7.963542393605105296e-01
7.964386068484217152e-01
7.965223296109213980e-01
7.966054782489322417e-01
7.966880634457622623e-01
7.967701009857481864e-01
7.968516098647466794e-01
7.969326219431136504e-01
7.970131574809788955e-01
7.970932279312881175e-01
7.971728514672480337e-01
7.972520555099169570e-01
7.973308528319171806e-01
7.974092402712888994e-01
7.974872632806195849e-01
7.975649130142437038e-01
7.976421639802862007e-01
7.977190505264626363e-01
7.977955826949354456e-01
7.978717964329060663e-01
7.979476797931008836e-01
7.980232051477536004e-01
7.980984009824434455e-01
7.981731353999118594e-01
7.982472549003636342e-01
7.983207910418765874e-01
7.983937646180941927e-01
7.984661801141279547e-01
7.985381140702465519e-01
7.986095734316410732e-01
7.986805808402961393e-01
7.987511514748620867e-01
7.988213125609703313e-01
7.988910796223825939e-01
7.989604603493827284e-01
7.990295023110284278e-01
7.990981678410375988e-01
7.991664835731325800e-01
7.992344648712191857e-01
7.993021271297282571e-01
7.993695072747799557e-01
7.994365899194125769e-01
7.995033432002097706e-01
7.995698012886053307e-01
7.996360070434117562e-01
7.997019310463473474e-01
7.997675480737773679e-01
7.998328898868141135e-01
7.998978551151056937e-01
7.999622995007336090e-01
8.000262491013137023e-01
8.000897347089582778e-01
8.001527814990407883e-01
8.002153802499765156e-01
8.002775805753874483e-01
8.003394368662253289e-01
8.004009337797501900e-01
8.004620899422206781e-01
8.005229161300712049e-01
8.005834194899068557e-01
8.006436189063568243e-01
8.007035475034534056e-01
8.007631938225894253e-01
8.008225395968187055e-01
8.008816117424484293e-01
8.009404283075476361e-01
8.009989978395897214e-01
8.010573182484890253e-01
8.011153966583011155e-01
8.011732639807591649e-01
8.012309003174895583e-01
8.012882861738530593e-01
8.013454453009577483e-01
8.014022922925205794e-01
8.014587088017215422e-01
8.015146752177959577e-01
8.015702649147004033e-01
8.016255003718062433e-01
8.016803661468081543e-01
8.017349215977118693e-01
8.017891602905180548e-01
8.018430674413519199e-01
8.018967085867330091e-01
8.019500832766228715e-01
8.020031923813890629e-01
8.020560364297142364e-01
8.021086357098922148e-01
8.021610024581165010e-01
8.022131387285938997e-01
8.022650460993137056e-01
8.023167401008505228e-01
8.023682336943400717e-01
8.024195161195947223e-01
8.024705909851157504e-01
8.025214757554761658e-01
8.025721706791114629e-01
8.026226766973518778e-01
8.026730269433766107e-01
8.027230676314622837e-01
8.027727255366430281e-01
8.028220563648829078e-01
8.028710307229168786e-01
8.029196926163915116e-01
8.029680908603032963e-01
8.030161876122750009e-01
8.030640131203865550e-01
8.031116067355836829e-01
8.031589659532869518e-01
8.032060691903024630e-01
8.032529379630233279e-01
8.032996190584089646e-01
8.033461041043969963e-01
8.033923930315411965e-01
8.034384908494538458e-01
8.034843723730755727e-01
8.035300600289432271e-01
8.035756034918317692e-01
8.036209851755200528e-01
8.036661992021791878e-01
8.037112590363959530e-01
8.037561552268136511e-01
8.038008914938382654e-01
8.038454763871644149e-01
8.038898201727529003e-01
8.039338459904652456e-01
8.039775641317395971e-01
8.040210012996695799e-01
8.040641726969440795e-01
8.041070850490901201e-01
8.041497674654594086e-01
8.041922313617748674e-01
8.042344794227123117e-01
8.042765197702819169e-01
8.043183656802458392e-01
8.043600212351301737e-01
8.044014956494809354e-01
8.044428379204509039e-01
8.044840204665248962e-01
8.045250122658520464e-01
8.045658379486562151e-01
8.046065089802987291e-01
8.046470356236788968e-01
8.046874464359945467e-01
8.047277241205563758e-01
8.047678460575947712e-01
8.048078319922742363e-01
8.048477105410462018e-01
8.048874720799340521e-01
8.049269998418653316e-01
8.049662363041414359e-01
8.050052418606062909e-01
8.050440171744012163e-01
8.050825373544532315e-01
8.051208634262089214e-01
8.051589971785513278e-01
8.051969147809125982e-01
8.052346754133378193e-01
8.052722688267859308e-01
8.053096676584383662e-01
8.053469390202976363e-01
8.053840700638388306e-01
8.054210531021686048e-01
8.054579006808431085e-01
8.054945866712545088e-01
8.055311519427893474e-01
8.055675971727435103e-01
8.056039325871156009e-01
8.056401587990333901e-01
8.056762701945378025e-01
8.057122715662352608e-01
8.057481614809915982e-01
8.057839428673987392e-01
8.058197289050935685e-01
