5.803813349592453763e-01
5.351197829719547272e-01
5.249340661864609903e-01
5.213926354511599914e-01
5.212842965781457893e-01
5.281528412043114962e-01
5.787365810560979318e-01
6.340789478663400036e-01
6.664820464347064322e-01
6.806104575339128049e-01
6.521517069335103223e-01
6.196118233562439848e-01
5.873281296454105904e-01
5.757241148630143357e-01
5.552689259215003448e-01
5.455894194898649463e-01
5.344345264259720008e-01
5.387126741766702365e-01
5.704903941793326716e-01
6.250208058722914739e-01
6.338223938911832223e-01
6.607125046277781966e-01
6.394548877442693957e-01
6.429882206391442923e-01
6.133830559308574015e-01
5.857809865950264205e-01
5.561640437647312751e-01
5.461400845006783022e-01
5.470655142207834221e-01
5.608956070992788812e-01
6.067354885272716603e-01
6.366647377229446292e-01
6.699723699430346624e-01
6.698342089311339898e-01
6.340271318886987473e-01
5.824530438659718534e-01
5.503909189199390761e-01
5.204643329668279250e-01
4.967029205351597976e-01
4.944806048332555659e-01
5.149611640019118308e-01
5.426069621945267540e-01
5.358512739489137422e-01
5.342840007347549047e-01
5.306245691746341864e-01
4.939073697731834467e-01
4.619006748495877446e-01
4.350252850327747667e-01
4.221523690883867141e-01
4.143808244878494640e-01
4.184577528346603570e-01
4.530087163047358256e-01
4.838897603700347272e-01
5.000523246175232472e-01
4.887242638418056728e-01
4.641212133801200235e-01
4.308554426060246523e-01
4.135743691511769571e-01
4.004395914826179292e-01
3.823350023622565375e-01
3.738206683453647039e-01
3.652675707056013965e-01
3.722827374088140684e-01
3.952985023172354007e-01
4.202659907812938411e-01
4.373753757367342399e-01
4.375159508549860687e-01
4.348668204304995122e-01
4.136623172541999960e-01
4.025143756939054684e-01
3.713575921200626406e-01
3.533762240803244858e-01
3.503544509767738679e-01
3.509399272865145192e-01
3.721141388182626075e-01
4.082914979114191101e-01
4.337781934487827118e-01
4.679853066284679897e-01
4.506914840060754490e-01
4.180292079928323856e-01
3.915368908248502144e-01
3.605908529453838440e-01
3.487541171162091835e-01
3.373658739118923777e-01
3.480240597749081899e-01
3.752917528481183318e-01
4.076185766767823071e-01
4.029022714276213057e-01
3.981877161806612331e-01
3.806593319885344662e-01
3.488964902566012438e-01
3.299130125507968025e-01
3.140941316561757235e-01
3.106537412518521890e-01
3.175018202050698402e-01
3.441091348210306711e-01
4.016733621914617136e-01
4.025243913453279698e-01
4.042640721480484922e-01
3.692651503497264565e-01
3.576971045908588498e-01
3.272397538580728571e-01
3.111163095736703132e-01
3.001474305766917983e-01
2.992606076220473699e-01
3.253231784971646334e-01
3.664837744071319792e-01
4.100246891765294555e-01
3.832728801165256050e-01
3.889787493777256966e-01
3.516871788496774842e-01
3.179234913392174344e-01
3.016501034258083913e-01
2.876211924998935965e-01
2.903386967144280795e-01
3.168624289354664003e-01
3.865766202052743350e-01
3.972203558235485876e-01
4.104431112082218003e-01
3.862947057066257184e-01
3.505152664088496683e-01
3.081900231518494571e-01
2.948430532687011385e-01
2.816142475290615010e-01
2.750611187986799488e-01
2.790887060588325141e-01
3.067220933243388625e-01
3.351341811451600261e-01
3.388219268450943233e-01
3.449753778968950302e-01
3.394507595640351982e-01
3.137310323692482639e-01
3.101446970201862663e-01
2.928083422254106338e-01
2.832198972015179672e-01
2.784678476312469897e-01
2.786128214703807449e-01
3.029423555757423392e-01
3.502465385480214022e-01
3.866776899704124082e-01
3.844340804348855833e-01
3.771228889985013266e-01
3.544902933518424004e-01
3.211140760879137024e-01
2.939152215154193781e-01
2.789104224899780493e-01
2.802343099442708985e-01
3.042854355648484943e-01
3.537648376470166056e-01
4.011254330599728912e-01
3.856422513092672144e-01
3.919082998268749174e-01
3.458008736441433584e-01
3.122695050616267620e-01
2.882666944616917859e-01
2.745737824692562890e-01
2.707555923419017185e-01
2.843898658610641283e-01
3.266181581195817807e-01
3.512410051216769413e-01
3.725022055144267541e-01
3.737437119088558579e-01
3.509414347502954890e-01
3.191683186834651798e-01
2.991898379749505787e-01
2.775578557335101060e-01
2.646109482760278242e-01
2.528656032718727964e-01
2.480884407689163962e-01
2.529241367284704722e-01
2.718323551588248121e-01
3.168118168486488972e-01
3.235491617308107193e-01
3.366358361107370523e-01
3.457708710340215985e-01
3.144063763158859715e-01
2.865946825728128977e-01
2.686300757017390795e-01
2.623616098564696686e-01
2.595560430596794421e-01
2.707430426111362975e-01
3.108895024913486682e-01
3.531912794723377491e-01
3.772732407747551586e-01
3.666599829499192498e-01
3.465813477084554450e-01
3.113997348945051757e-01
2.966457942506097178e-01
2.851695033567129833e-01
2.659660719764201375e-01
2.587783913595836927e-01
2.501820395006102427e-01
2.583575526018057622e-01
2.833798024593189857e-01
3.110986067900026741e-01
3.319031086483815174e-01
3.311041262531488338e-01
3.285414355388179275e-01
3.074878310316206953e-01
2.950836988704478858e-01
2.634422969197364184e-01
2.453225146676482338e-01
2.435320328988321015e-01
2.465450286162083338e-01
2.707442484379776193e-01
3.084058951797599146e-01
3.362830937332693115e-01
3.771382410354395809e-01
3.594451245343230905e-01
3.285756062858672388e-01
3.019643796083535947e-01
2.691354985237409125e-01
2.607444555976622391e-01
2.471848272930201595e-01
2.612942163328213496e-01
2.953636764416558980e-01
3.182797970633221007e-01
3.236466981547792554e-01
3.365577748249405921e-01
3.201580290540707030e-01
3.052929410274108912e-01
2.729456765422879627e-01
2.599537065666762681e-01
2.516458321796285480e-01
2.533160664634078185e-01
2.703625271921485940e-01
3.125601099895075619e-01
3.502445944392826860e-01
3.542656206230405669e-01
3.493660456623552402e-01
3.209596245197076092e-01
2.923014324824251831e-01
2.794936242916231661e-01
2.600061208758998044e-01
2.479414430820469362e-01
2.387855118731202764e-01
2.374922690660858926e-01
2.508923023518725426e-01
2.791905136700609802e-01
3.114419809754405688e-01
3.163743327800788707e-01
3.248148717319558343e-01
3.183248045653871983e-01
2.966792839637940049e-01
2.822313457752274601e-01
2.527767719462958862e-01
2.385941875915281729e-01
2.393919688174379334e-01
2.449051236733386094e-01
2.737597488279289171e-01
3.145765746683602537e-01
3.453919499091804846e-01
3.737594606199738378e-01
3.426040845780091715e-01
3.180205840615644153e-01
2.855989382735311111e-01
2.660613435050281361e-01
2.472391623555424411e-01
2.469037537237449564e-01
2.688859420676176226e-01
3.012298700782331529e-01
3.244930835772617539e-01
3.236268205624053262e-01
3.190730890620032123e-01
3.010704328500989901e-01
2.693700480122814267e-01
2.528817097431284022e-01
2.464631050461678630e-01
2.430561234338870780e-01
2.587449679965898586e-01
2.974684412160957248e-01
3.385986985285989737e-01
3.521264574706131079e-01
3.507234625702091990e-01
3.036172300002111246e-01
2.925058753920875554e-01
2.683498971242233022e-01
2.469867372319629328e-01
2.351836108806820702e-01
2.440825973563081619e-01
2.800130351085152736e-01
3.115979898452746477e-01
3.457686879636113764e-01
3.468101725822775316e-01
3.203477371857459399e-01
2.742176688355731362e-01
2.741603404063119309e-01
2.740988561878832663e-01
2.740342996148971699e-01
2.739675260887344810e-01
2.738992114353068774e-01
2.738298880295081950e-01
2.737599741142321963e-01
2.736897974124404276e-01
2.736196140317595504e-01
2.735496235322159575e-01
2.734799808942415811e-01
2.734108059990683626e-01
2.733421911228025025e-01
2.732742068505913946e-01
2.732069067378944394e-01
2.731403266733634649e-01
2.730744964778775707e-01
2.730094420741320804e-01
2.729451785579737888e-01
2.728817160071304593e-01
2.728190605808626379e-01
2.727572153830113977e-01
2.726961811391662160e-01
2.726359567278349716e-01
2.725765395969926286e-01
2.725179260906527845e-01
2.724601117048284782e-01
2.724030912880919808e-01
2.723468591986613618e-01
2.722914094273969909e-01
2.722367356940558758e-01
2.721828315225638950e-01
2.721296902998542877e-01
2.720773053218026871e-01
2.720256698290537956e-01
2.719747770349265070e-01
2.719246201471016700e-01
2.718751923844460738e-01
2.718264869900189340e-01
2.717784972410917654e-01
2.717312164568256860e-01
2.716846380041160747e-01
2.716387553020041534e-01
2.715935618249625816e-01
2.715490511053080813e-01
2.715052167349212842e-01
2.714620523664368901e-01
2.714195517140103875e-01
2.713777042433279107e-01
2.713365038906874749e-01
2.712959489622727705e-01
2.712560334149465846e-01
2.712167512676933456e-01
2.711780966011854699e-01
2.711400635572909779e-01
2.711026463385442509e-01
2.710658392075849243e-01
2.710296364865750207e-01
2.709940325566028707e-01
2.709590218570724907e-01
2.709245988850926268e-01
2.708907581948563625e-01
2.708574943970241677e-01
2.708248021581063925e-01
2.707926761998474263e-01
2.707611112986146318e-01
2.707301022847904970e-01
2.706996440421712280e-01
2.706697315073678944e-01
2.706403596692157909e-01
2.706115235681899045e-01
2.705832182958230470e-01
2.705554389941346449e-01
2.705281808550650813e-01
2.705014391199118129e-01
2.704752090787796992e-01
2.704494860700286663e-01
2.704242654797364698e-01
2.703995427411620134e-01
2.703753133342167714e-01
2.703515727849422068e-01
2.703283166649944058e-01
2.703055405911325981e-01
2.702832402247157817e-01
2.702614112712051209e-01
2.702400494796687869e-01
2.702191506423000100e-01
2.701987105939323563e-01
2.701787252115665505e-01
2.701591904139001854e-01
2.701401021608647590e-01
2.701214564531664863e-01
2.701032493318327732e-01
2.700854768777656845e-01
2.700681352112982991e-01
2.700512204917585035e-01
2.700347289170353382e-01
2.700186567231537826e-01
2.700030001838504279e-01
2.699877556101579201e-01
2.699729193499927349e-01
2.699584877877465039e-01
2.699444573438835593e-01
2.699308244745433627e-01
2.699175856711465982e-01
2.699047374600070381e-01
2.698922764019456300e-01
2.698801990919126870e-01
2.698685021586091914e-01
2.698571822641198659e-01
2.698462361035423585e-01
2.698356604046268648e-01
2.698254519274163044e-01
2.698156074638940471e-01
2.698061238376301962e-01
2.697969979034390842e-01
2.697882265470335494e-01
2.697798066846897602e-01
2.697717352629107057e-01
2.697640092580954607e-01
2.697566256762135573e-01
2.697495815524813545e-01
2.697428739510425166e-01
2.697364999646517103e-01
2.697304567143635201e-01
2.697247413492231405e-01
2.697193510459603982e-01
2.697142830086915466e-01
2.697095344686158414e-01
2.697051026837262167e-01
2.697009849385126334e-01
2.696971785436781954e-01
2.696936808358519344e-01
2.696904891773085899e-01
2.696876009556881670e-01
2.696850135837230433e-01
2.696827244989630779e-01
2.696807311635091575e-01
2.696790310637456334e-01
2.696776217100784190e-01
2.696765006366722006e-01
2.696756654011969734e-01
2.696751135845720238e-01
2.696748427907132428e-01
2.696748506462867678e-01
2.696751348004626236e-01
2.696756929246708068e-01
2.696765227123621433e-01
2.696776218787704793e-01
2.696789881606777572e-01
2.696806193161814247e-01
2.696825131244648399e-01
2.696846673855720078e-01
2.696870799201799840e-01
2.696897485693792729e-01
2.696926711944543364e-01
2.696958456766652135e-01
2.696992699170338015e-01
2.697029418361318043e-01
2.697068593738710107e-01
2.697110204892947949e-01
2.697154231603753893e-01
2.697200653838093820e-01
2.697249451748156557e-01
2.697300605669413209e-01
2.697354096118614319e-01
2.697409903791884722e-01
2.697468009562788427e-01
2.697528394480433467e-01
2.697591039767608945e-01
2.697655926818919858e-01
2.697723037198972995e-01
2.697792352640531743e-01
2.697863855042776371e-01
2.697937526469476599e-01
2.698013349147284079e-01
2.698091305463981571e-01
2.698171377966775419e-01
2.698253549360600245e-01
2.698337802506439176e-01
2.698424120419689598e-01
2.698512486268510036e-01
2.698602883372202554e-01
2.698695295199620703e-01
2.698789705367577452e-01
2.698886097639297543e-01
2.698984455922857628e-01
2.699084764269661929e-01
2.699187006872931227e-01
2.699291168066201840e-01
2.699397232321865681e-01
2.699505184249689216e-01
2.699615008595375731e-01
2.699726690239150906e-01
2.699840214194327292e-01
2.699955565605932084e-01
2.700072729749297129e-01
2.700191692028733326e-01
2.700312437976149504e-01
2.700434953249730152e-01
