6.637411848729389829e-01
6.307151066559425479e-01
6.347944630687694101e-01
6.473320050928645930e-01
6.649253891897332069e-01
6.909494590337009745e-01
7.612878338517106158e-01
8.361803698858651934e-01
8.879379311771806726e-01
9.212315506854694691e-01
9.117551265572656494e-01
8.980181851088601119e-01
8.843649205179938688e-01
8.912258051107402324e-01
8.890791920891764066e-01
8.975568574656789256e-01
9.097324318760068307e-01
9.373216919812327186e-01
9.923085991700759667e-01
1.069882609397330375e+00
1.101511713464726316e+00
1.150961071973316985e+00
1.151965721353609862e+00
1.177429744984050064e+00
1.169412737887947529e+00
1.163037345299924308e+00
1.158531001508804836e+00
1.174076241226660766e+00
1.201032011475349659e+00
1.241348852573649575e+00
1.314123993174929339e+00
1.371431642571137255e+00
1.432538438349123311e+00
1.460603104280561615e+00
1.453373443074944538e+00
1.430722830032442383e+00
1.428402549074618610e+00
1.427562375710768050e+00
1.432320343979766042e+00
1.458129253949163928e+00
1.506227554549813163e+00
1.561143563179320237e+00
1.581362565872916903e+00
1.606504558565730267e+00
1.629331073762074533e+00
1.618910601825500173e+00
1.611270115189148422e+00
1.607462640455685765e+00
1.616497313827770066e+00
1.629599559459653291e+00
1.653625358955847169e+00
1.707300270161107969e+00
1.756577418060937257e+00
1.790479177601611793e+00
1.796292343350237131e+00
1.788280552902816734e+00
1.769846570069441904e+00
1.767141993335006545e+00
1.768365020185660219e+00
1.764426037919373913e+00
1.769904322712704925e+00
1.775194840959245512e+00
1.795921121876181248e+00
1.832537647746286247e+00
1.871014894006689300e+00
1.901552948085783790e+00
1.917979926691266712e+00
1.931743678615103654e+00
1.927069084841385838e+00
1.932551954248602488e+00
1.918126869298527160e+00
1.916962555134720469e+00
1.930846167093909216e+00
1.948428003399090613e+00
1.986685457123017695e+00
2.040037637656064717e+00
2.080373259802051233e+00
2.128974470927419205e+00
2.125673575756863887e+00
2.106620727310217323e+00
2.093391267014577117e+00
2.075405386146267350e+00
2.076259031871091398e+00
2.077332550984898774e+00
2.100250022942115713e+00
2.139608981186777559e+00
2.182820250551207764e+00
2.188265518045040103e+00
2.193036184591698134e+00
2.184380192933965237e+00
2.160927210417795230e+00
2.149736069566283270e+00
2.141246952588104158e+00
2.144717110230561552e+00
2.158100150632426661e+00
2.190904328976795323e+00
2.254365642743742182e+00
2.260853324220499783e+00
2.267956374653179896e+00
2.238071118752674504e+00
2.231368232472629387e+00
2.205562394946083415e+00
2.193883776917763040e+00
2.187177909071302828e+00
2.190388690783148462e+00
2.220400611044019090e+00
2.265386462957977631e+00
2.312642278094089399e+00
2.289499730072594108e+00
2.298674789876141933e+00
2.264741948839018360e+00
2.234229685793401199e+00
2.221113056404082631e+00
2.210164371200105116e+00
2.215892250876145830e+00
2.245370422060674276e+00
2.317998680755197327e+00
2.331539477081626455e+00
2.347604064893910714e+00
2.326247052799149895e+00
2.293190945350277676e+00
2.253521602139962443e+00
2.242766386097973630e+00
2.232087505329949817e+00
2.228044528315517692e+00
2.234548054990160626e+00
2.264630072403260641e+00
2.295476618200561703e+00
2.301582113737701274e+00
2.310120203875939637e+00
2.306949899882404953e+00
2.283548493195500129e+00
2.282235357277437426e+00
2.267143999541702204e+00
2.259765359904789772e+00
2.257194777448173095e+00
2.259507657288142290e+00
2.286001285055044630e+00
2.335476846395744488e+00
2.374094371577225360e+00
2.374038113875594380e+00
2.368888348371569030e+00
2.348389593117220731e+00
2.317112364918613832e+00
2.291974343492787280e+00
2.278999001233384725e+00
2.282329692087590622e+00
2.308374347430630191e+00
2.359845249776543863e+00
2.409205641689193822e+00
2.395722193906144160e+00
2.403946426214220278e+00
2.359772198455880599e+00
2.328119485754938101e+00
2.305954603518512780e+00
2.294067885831150733e+00
2.292031792188300443e+00
2.307429988162168044e+00
2.351413332081840668e+00
2.377796369067548099e+00
2.400806351522065896e+00
2.403780659492018579e+00
2.382681938054272308e+00
2.352570598906552846e+00
2.334211073541123671e+00
2.314166445526705918e+00
2.302776212336217210e+00
2.292563765571261403e+00
2.289296798094291319e+00
2.295624392985146311e+00
2.316011429135455657e+00
2.362463562931795380e+00
2.370680212783339957e+00
2.385223422089775891e+00
2.395796512029889858e+00
2.365848719348168316e+00
2.339408177026099711e+00
2.322776781183333750e+00
2.317813289684533373e+00
2.316293328807682350e+00
2.328748635589017013e+00
2.370154313582680583e+00
2.413721998682987646e+00
2.439072161135391159e+00
2.429713337837345666e+00
2.410853136511676098e+00
2.376852164922264699e+00
2.363236148095368527e+00
2.352872637218922591e+00
2.334760289143322787e+00
2.328637967769849659e+00
2.321090300379351490e+00
2.330296722044520763e+00
2.356342729219826015e+00
2.385086693063859009e+00
2.406915488226958111e+00
2.407132026646777057e+00
2.405560770930302184e+00
2.385475064592704975e+00
2.374005300691457876e+00
2.343273833390198568e+00
2.326029147667674657e+00
2.325091285140242992e+00
2.328946150008427196e+00
2.353978541991961659e+00
2.392476907273834996e+00
2.421198987855338380e+00
2.462895672862301488e+00
2.446046219626494711e+00
2.415981531050869435e+00
2.390133406452989995e+00
2.358034415929447736e+00
2.350339934774570150e+00
2.337462964635938167e+00
2.352237621316906058e+00
2.386973557298431636e+00
2.410567193224729010e+00
2.416609997069482763e+00
2.430181283250981927e+00
2.414431343210667436e+00
2.400186037817721552e+00
2.368433102794170075e+00
2.356001430862273871e+00
2.348236837250088360e+00
2.350437214215067350e+00
2.368007349741656054e+00
2.410731122003735738e+00
2.448957918689929958e+00
2.453528129441155059e+00
2.449158142167909169e+00
2.421257539421324267e+00
2.393068602954605772e+00
2.380698512545633694e+00
2.361631644824058185e+00
2.350043686183311831e+00
2.341419162301482615e+00
2.340633936386227187e+00
2.354528368224633628e+00
2.383318217687039997e+00
2.416067356205575667e+00
2.421502872785103566e+00
2.430431284358664179e+00
2.424418854941097656e+00
2.403231339612492690e+00
2.389214431796039761e+00
2.360173377963406871e+00
2.346379731754562492e+00
2.347556828850878130e+00
2.353451110406247437e+00
2.382690863356442090e+00
2.423911588739647183e+00
2.455153257443447590e+00
2.483956842923022990e+00
2.453242654016150048e+00
2.429062989315337262e+00
2.397019925883388414e+00
2.377835025111015188e+00
2.359353265285340395e+00
2.359348391079729268e+00
2.381665575286691983e+00
2.414363334982542408e+00
2.438001194300813967e+00
2.437517948843928917e+00
2.433336148677796462e+00
2.415693542426952334e+00
2.384333854880675396e+00
2.368160684996013288e+00
2.362047144256941067e+00
2.358943777717372736e+00
2.374936766739717431e+00
2.413978127785253669e+00
2.455453367339233139e+00
2.469348590688597689e+00
2.468310299337907132e+00
2.421555618105982965e+00
2.410752703453093115e+00
2.386896444945389995e+00
2.365816295447740192e+00
2.354284409235672282e+00
2.363451748221168991e+00
2.399663061012434095e+00
2.431558511517442511e+00
2.466059521453111802e+00
2.467448315806467729e+00
2.441321934072200772e+00
2.395498943885015386e+00
2.395709753344297255e+00
2.395917251946919180e+00
2.396121772810328565e+00
2.396323570919890678e+00
2.396522892911336466e+00
2.396719958531750461e+00
2.396914963810924171e+00
2.397108089258826347e+00
2.397299526105201029e+00
2.397489398220649104e+00
2.397677830946252531e+00
2.397864944608771420e+00
2.398050846000986169e+00
2.398235657279057520e+00
2.398419445157695229e+00
2.398602293990594436e+00
2.398784302580627692e+00
2.398965504835618656e+00
2.399145917020146346e+00
2.399325638904674207e+00
2.399504709137128433e+00
2.399683172161982014e+00
2.399861087130875870e+00
2.400038463480322015e+00
2.400215341885333586e+00
2.400391748663148306e+00
2.400567695657996214e+00
2.400743211642355490e+00
2.400918325345779092e+00
2.401093080021851733e+00
2.401267465268321466e+00
2.401441492555981938e+00
2.401615182315565811e+00
2.401788552649174679e+00
2.401961637326587518e+00
2.402134425570305432e+00
2.402306929972381155e+00
2.402479147306605167e+00
2.402651085960500144e+00
2.402822760990574125e+00
2.402994176892774725e+00
2.403165370122381184e+00
2.403336328821871870e+00
2.403507024410148407e+00
2.403677502584768533e+00
2.403847781246197801e+00
2.404017824809173476e+00
2.404187648009094236e+00
2.404357286051878262e+00
2.404526726468275477e+00
2.404694692980714255e+00
2.404860046592425693e+00
2.405023039549063046e+00
2.405183890311676898e+00
2.405342797287704837e+00
2.405499970397683818e+00
2.405655541737744763e+00
2.405809621244455521e+00
2.405962393270302258e+00
2.406113952522632715e+00
2.406264409712785657e+00
2.406413893135290305e+00
2.406562422502797283e+00
2.406710089150556620e+00
2.406857002174120908e+00
2.407003198384740195e+00
2.407148727717190795e+00
2.407293644346301331e+00
2.407437993598485981e+00
2.407581818760228920e+00
2.407725150735951836e+00
2.407868051007445942e+00
2.408010536729080719e+00
2.408152597896531688e+00
2.408294310368387592e+00
2.408435683311910935e+00
2.408576728367280317e+00
2.408717464929843288e+00
2.408857906612756672e+00
2.408998097090650603e+00
2.409138033240075139e+00
2.409277685216915543e+00
2.409417088230331849e+00
2.409556286700428096e+00
2.409695266292350091e+00
2.409834038161046355e+00
2.409972600735904802e+00
2.410110964933171562e+00
2.410249137272622910e+00
2.410387148372657329e+00
2.410524989197791346e+00
2.410662629623548270e+00
2.410800123892628211e+00
2.410937454248485601e+00
2.411074591874652118e+00
2.411211589133966271e+00
2.411348462419276917e+00
2.411485168827777859e+00
2.411621722603407125e+00
2.411758130416623125e+00
2.411893555123044042e+00
2.412027274062782389e+00
2.412159433753298554e+00
2.412290170977828829e+00
2.412419619365731016e+00
2.412547890714721532e+00
2.412675095647047740e+00
2.412801330128084398e+00
2.412926675502591767e+00
2.413051209437187428e+00
2.413175002715812312e+00
2.413298117443945401e+00
2.413420639035154913e+00
2.413542605280491138e+00
2.413664025564378424e+00
2.413784989560736616e+00
2.413905517831501424e+00
2.414025611256891857e+00
2.414145344025842022e+00
2.414264757310850662e+00
2.414383823499735016e+00
2.414502577510437842e+00
2.414621048517159085e+00
2.414739255970275167e+00
2.414857240381278025e+00
2.414974997314752958e+00
2.415092512181876927e+00
2.415209809025914200e+00
2.415326933077296179e+00
2.415443875628203507e+00
2.415560641381333085e+00
2.415677245372221726e+00
2.415793694850251860e+00
2.415909987625259880e+00
2.416026162270076050e+00
2.416142205046587943e+00
2.416258082343037739e+00
2.416373817887497388e+00
2.416489421576621499e+00
2.416604927674540271e+00
2.416720325834945449e+00
2.416835584340919496e+00
2.416950748913922808e+00
2.417065807549851009e+00
2.417180758702583976e+00
2.417295604571378931e+00
2.417410346345562733e+00
2.417525014873767475e+00
2.417639567273348167e+00
2.417754024975347971e+00
2.417867440464844808e+00
2.417978878580675506e+00
2.418088530951299830e+00
2.418196589469716162e+00
2.418303178111008922e+00
2.418408421186389212e+00
2.418512403914813813e+00
2.418615251206864603e+00
2.418717101423442983e+00
2.418818021264146800e+00
2.418918074152332842e+00
2.419017327659622296e+00
2.419115844728676912e+00
2.419213711268092926e+00
2.419310962917859520e+00
2.419407613177797511e+00
2.419503718654540059e+00
2.419599323657875445e+00
2.419694502344901021e+00
2.419789266912372838e+00
2.419883604520940423e+00
2.419977588389822465e+00
2.420071220770105835e+00
2.420164526746729994e+00
2.420257525401625642e+00
2.420350235768306213e+00
2.420442673846332937e+00
2.420534860157199208e+00
2.420626808947087039e+00
2.420718528319164786e+00
2.420810031125553152e+00
2.420901327542493320e+00
2.420992460441168781e+00
2.421083418755276107e+00
2.421174172592878371e+00
2.421264749527587412e+00
2.421355190071254437e+00
2.421445480107347059e+00
2.421535627723790274e+00
2.421625603661983206e+00
2.421715434212623475e+00
2.421805157947896525e+00
2.421894760864556684e+00
2.421984242042168223e+00
2.422073604108255118e+00
2.422162851335938782e+00
2.422251979279786305e+00
2.422341027122560497e+00
2.422429982637413826e+00
2.422519150801939247e+00
