5.851988131939740434e-01
5.452750677750021202e-01
5.419733798524004609e-01
5.467038068351540714e-01
5.561163074363000280e-01
5.736327335689305196e-01
6.353306203317889977e-01
7.012129467063755728e-01
7.436315704146733152e-01
7.672962288833883315e-01
7.479353198088383170e-01
7.240912123032470227e-01
7.001346170231803612e-01
6.965193938914756577e-01
6.837429907492262871e-01
6.814569392125681135e-01
6.793305317575448754e-01
6.918379222229202874e-01
7.310472491095657555e-01
7.922219990860589478e-01
8.068969507422846243e-01
8.389049738387062138e-01
8.220339912207502708e-01
8.292434036135795106e-01
8.026331135339798140e-01
7.773692097487489017e-01
7.558459126951402318e-01
7.539753488085136901e-01
7.631652638636765573e-01
7.854109378619563708e-01
8.398492182558078278e-01
8.785869360252583915e-01
9.209270817615501370e-01
9.300577135503267368e-01
9.037581271282632001e-01
8.619295399693026605e-01
8.396453040460815087e-01
8.191564340977699477e-01
8.045488304019648984e-01
8.112463456895373515e-01
8.404595069666657148e-01
8.766919610796642948e-01
8.784098837497161805e-01
8.852229659082878621e-01
8.898767287336423193e-01
8.614267346151986970e-01
8.363074377225252487e-01
8.157008345502639868e-01
8.085437802553193665e-01
8.059962125219095608e-01
8.148575853405289893e-01
8.538021251896086294e-01
8.887343711921515954e-01
9.086395672335373375e-01
9.007730167638259289e-01
8.793719045372277998e-01
8.480759977149239237e-01
8.325976067210287823e-01
8.211260440546507278e-01
8.045660323440001482e-01
7.974933399685851798e-01
7.902973014490577430e-01
7.985981504154970878e-01
8.228447873214002062e-01
8.490028635021910075e-01
8.672707216666371011e-01
8.658460097172722136e-01
8.619370090344133928e-01
8.397514972200663674e-01
8.278723835380189522e-01
7.962175632635456468e-01
7.779459222980869004e-01
7.748298935413349131e-01
7.755064929824112552e-01
7.969432835572689555e-01
8.335476718203678193e-01
8.600540851163135381e-01
8.954232131697605901e-01
8.794246748000023040e-01
8.481622710864636927e-01
8.231626941763255934e-01
7.937989759811669987e-01
7.836268077085098982e-01
7.739867141261179695e-01
7.864704758025311548e-01
8.156432072541408562e-01
8.501309112475110563e-01
8.475112356223649668e-01
8.448149498670087798e-01
8.292289123228685499e-01
7.993300130933890246e-01
7.821297317849877917e-01
7.680215083967826262e-01
7.662224858966547592e-01
7.746489881134375199e-01
8.027763760891055700e-01
8.618096998368722783e-01
8.640892856037979408e-01
8.671916298373599785e-01
8.334918873864096689e-01
8.231471746166451053e-01
7.938507261676568394e-01
7.788201253068014474e-01
7.688845824282553032e-01
7.689749995618001543e-01
7.959635980286206003e-01
8.380085903520669843e-01
8.823962765760744453e-01
8.564515977927148471e-01
8.628942963771082386e-01
8.262866133764300569e-01
7.931605908745574807e-01
7.774842529956860204e-01
7.640219633526611487e-01
7.672776603042077426e-01
7.943189468300458911e-01
8.645383616486813638e-01
8.756906490273763666e-01
8.893944881000295233e-01
8.657015355754758001e-01
8.303368403828055300e-01
7.883845222393810470e-01
7.753697180482915785e-01
7.624481402427544241e-01
7.561778120841178286e-01
7.604670937309476741e-01
7.883455561123696720e-01
8.169955346246694505e-01
8.209114369127821220e-01
8.272700309822836884e-01
8.219291192387292444e-01
7.963667222067641882e-01
7.929037022969132043e-01
7.756693444080644539e-01
7.664016390990441296e-01
7.622017736594811632e-01
7.628954699967872566e-01
7.877731001648127229e-01
8.356348345079499529e-01
8.726408844299675671e-01
8.709802819314018674e-01
8.642406451657469457e-01
8.421679785541524854e-01
8.093349446610774711e-01
7.826604101299478033e-01
7.681668746311937079e-01
7.699966821950773310e-01
7.945565815184643110e-01
8.445569341436993671e-01
8.924592278527756495e-01
8.775321358117724735e-01
8.843356028461166751e-01
8.387603055824285336e-01
8.057319945265788430e-01
7.822141909365398771e-01
7.689954184901103273e-01
7.656467026671319731e-01
7.797506507827759448e-01
8.224563633743428026e-01
8.475758150954004755e-01
8.693394387444725036e-01
8.710854617134736744e-01
8.487789390611463203e-01
8.174824435993612859e-01
7.979604059537227512e-01
7.767736960585898132e-01
7.642614469169956015e-01
7.529455721572680948e-01
7.485934325363144959e-01
7.538533020008427732e-01
7.731890583593322708e-01
8.186050946057792377e-01
8.257986247308064520e-01
8.393367509593476772e-01
8.489219551426212540e-01
8.180038926430714952e-01
7.906145362800871546e-01
7.730541476445866866e-01
7.671796874760117291e-01
7.647651778217277041e-01
7.763419090919512211e-01
8.168835732641724912e-01
8.595991750056580782e-01
8.841099019325002750e-01
8.739269319437936723e-01
8.542613525145033027e-01
8.194737412574253366e-01
8.050903339974107009e-01
7.939756532118514842e-01
7.751276956306009103e-01
7.682858854972315354e-01
7.600333018669414020e-01
7.685494574216037433e-01
7.939181317936707671e-01
8.219963490514657911e-01
8.431713158677861530e-01
8.427470091522681894e-01
8.405500806983779993e-01
8.198536605384540987e-01
8.077894740730352519e-01
7.764784238200808097e-01
7.586704015668221945e-01
7.571834595229143261e-01
7.605017139030596507e-01
7.850095488033536073e-01
8.229936254585532573e-01
8.512109719324696400e-01
8.924140103296271942e-01
8.750812115781869682e-01
8.445492707613748706e-01
8.182502127899902167e-01
7.857152307382148093e-01
7.775995632324465001e-01
7.643133698333628434e-01
7.786911787903226800e-01
8.130400458675300923e-01
8.362549276105968321e-01
8.419289290000866455e-01
8.551433098052642068e-01
8.390475697251316145e-01
8.244701298131956735e-01
7.923980123298969280e-01
7.796608761232132201e-01
7.716020802901411013e-01
7.735189673550798561e-01
7.908153279254398482e-01
8.332737417138662561e-01
8.712417415582206504e-01
8.755608980880881242e-01
8.709510093128126629e-01
8.428221428721136554e-01
8.144181598538609013e-01
8.018455185512161076e-01
7.825866783882735600e-01
7.707411220762604431e-01
7.618004953932059342e-01
7.607206087472975220e-01
7.743366069956494346e-01
8.028612039877011108e-01
8.353558279720132429e-01
8.405465266701743765e-01
8.492405323316151167e-01
8.430017755874384955e-01
8.215965957164652611e-01
8.073709583814152602e-01
7.781283364059486951e-01
7.641399346958538397e-01
7.651263692307941344e-01
7.708324659310525906e-01
7.998859874872978892e-01
8.409204545865558433e-01
8.719752257740065460e-01
9.005925516879818016e-01
8.696931268774762414e-01
8.453339723424997398e-01
8.131155964788864265e-01
7.937593995437379757e-01
7.751085829913725300e-01
7.749365083286825495e-01
7.970866926277258013e-01
8.296160060437026695e-01
8.530845599764709242e-01
8.524332586411298429e-01
8.480866157350305246e-01
8.302822746036505608e-01
7.987645548853298250e-01
7.824374724122958868e-01
7.761722131320918372e-01
7.729182775474146005e-01
7.887614938032477818e-01
8.276524091186986398e-01
8.689750861849874219e-01
8.827160181432283093e-01
8.815243260207834552e-01
8.346181394747478333e-01
8.236686161698337783e-01
7.996669411205389322e-01
7.784433218701390933e-01
7.667693503251775677e-01
7.757950301749398925e-01
8.118635234193994910e-01
8.436132450234625768e-01
8.779666005696487030e-01
8.792061400293246232e-01
8.529317611626355822e-01
8.069636802158393074e-01
8.070344129878466166e-01
8.071040007150338536e-01
8.071725924489570048e-01
8.072403072683407288e-01
8.073072474364437756e-01
8.073735211450991933e-01
8.074391797789182146e-01
8.075042432882202359e-01
8.075687782791944880e-01
8.076328617613768301e-01
8.076965186662861118e-01
8.077597587409097724e-01
8.078226033046167487e-01
8.078850433191826497e-01
8.079471341348660740e-01
8.080088911668470431e-01
8.080703268624269686e-01
8.081314765306999437e-01
8.081923001002979667e-01
8.082528211434383270e-01
8.083130594704013294e-01
8.083730148654142411e-01
8.084327197676697274e-01
8.084921373544962098e-01
8.085512897043678482e-01
8.086102087123192561e-01
8.086688865659996672e-01
8.087273208316636541e-01
8.087854785926156254e-01
8.088433897377349524e-01
8.089010953412669735e-01
8.089585794747857772e-01
8.090158315010551604e-01
8.090728490278726870e-01
8.091296470457860490e-01
8.091862281389157197e-01
8.092425877936193501e-01
8.092987273217242539e-01
8.093546613422548663e-01
8.094103934694620861e-01
8.094659097937777492e-01
8.095212460267136034e-01
8.095763820528294463e-01
8.096312846040016886e-01
8.096859833886660418e-01
8.097404817617150918e-01
8.097948095782785405e-01
8.098489469025771381e-01
8.099028612809409111e-01
8.099565792128478048e-01
8.100099246235741290e-01
8.100627027048927786e-01
8.101149476540523420e-01
8.101666838504599788e-01
8.102179202155503912e-01
8.102687371340653311e-01
8.103191425418567739e-01
8.103691598300617471e-01
8.104188060620363121e-01
8.104681113692602246e-01
8.105170937420997923e-01
8.105657606261198467e-01
8.106141592288020892e-01
8.106622527690476865e-01
8.107100698913183301e-01
8.107576276221211131e-01
8.108049403895039031e-01
8.108520441099105192e-01
8.108989237007158124e-01
8.109455487871959356e-01
8.109919547385955330e-01
8.110381830300312789e-01
8.110842028584908103e-01
8.111299889725678280e-01
8.111755743253237227e-01
8.112209985204128504e-01
8.112662422132230766e-01
8.113113029261214137e-01
8.113561869747285549e-01
8.114008986968912485e-01
8.114454076353201373e-01
8.114897468537809466e-01
8.115339533548038276e-01
8.115779973142618342e-01
8.116218854885401957e-01
8.116656154637285070e-01
8.117091850540256726e-01
8.117526022348309223e-01
8.117958914655412084e-01
8.118390346363255627e-01
8.118820049767772051e-01
8.119248242803067672e-01
8.119675034649855849e-01
8.120100458079408945e-01
8.120524456180391315e-01
8.120947042557624673e-01
8.121368499704268995e-01
8.121788579449886747e-01
8.122207054040200269e-01
8.122624142873895448e-01
8.123038611027031397e-01
8.123448944313500508e-01
8.123854986350966811e-01
8.124257506628491665e-01
8.124656762077924199e-01
8.125052626405582235e-01
8.125445717907509025e-01
8.125835993664156653e-01
8.126223325114907414e-01
8.126608384993041501e-01
8.126991183622112036e-01
8.127371742452729197e-01
8.127750077461659561e-01
8.128126401160065129e-01
8.128500844588650853e-01
8.128873435332581998e-01
8.129244194926716904e-01
8.129613283085317388e-01
8.129980833400038964e-01
8.130346741881497863e-01
8.130711047121517154e-01
8.131073925449627815e-01
8.131435380098985810e-01
8.131795421189629280e-01
8.132154380737435240e-01
8.132511764031784551e-01
8.132867779654813223e-01
8.133222794583796489e-01
8.133576331514325020e-01
8.133928653170197087e-01
8.134280087775431767e-01
8.134630138460017257e-01
8.134979000679802841e-01
8.135326959073252429e-01
8.135673878055287300e-01
8.136019441813280295e-01
8.136363800881782904e-01
8.136707364368300777e-01
8.137049982990973707e-01
8.137391584415589740e-01
8.137732153676469071e-01
8.138071405631754907e-01
8.138409533947250640e-01
8.138746995112062788e-01
8.139083564323135178e-01
8.139419138140142618e-01
8.139753836249756791e-01
8.140087549993439975e-01
8.140420291121268637e-01
8.140752109517566115e-01
8.141047898741593514e-01
8.141276323898092304e-01
8.141443985872713895e-01
8.141557009579645232e-01
8.141620831050542240e-01
8.141640236629212879e-01
8.141619754915994100e-01
8.141563280385788470e-01
8.141474260292029808e-01
8.141355873330795578e-01
8.141211009624877981e-01
8.141042187216582793e-01
8.140851698830284811e-01
8.140642036946759141e-01
8.140414750416504752e-01
8.140171143723480274e-01
8.139912914456166604e-01
8.139641456599764346e-01
8.139358047974096788e-01
8.139064055798743702e-01
8.138760254399524108e-01
8.138447269336435141e-01
8.138126038822137698e-01
8.137797540337261548e-01
8.137462324517281687e-01
8.137120592493976012e-01
8.136772980756368234e-01
8.136420375900177415e-01
8.136063051972113325e-01
8.135701013758305233e-01
8.135335099716853868e-01
8.134965508511162735e-01
8.134592164413174675e-01
8.134215818537517961e-01
8.133836524709585625e-01
8.133454149795229515e-01
8.133069466734301756e-01
8.132682438473188835e-01
8.132293083370774056e-01
8.131901625500950193e-01
8.131507892081411004e-01
8.131112346787054967e-01
8.130715045630403370e-01
8.130316148074958615e-01
8.129915724597538418e-01
8.129513776677845804e-01
8.129110379377813000e-01
8.128705542518874783e-01
8.128299329973920351e-01
8.127892917495016523e-01
